"X" "Y"
12.00225 43.755
12.06535 43.755
12.06535 43.71
12.00225 43.71
12.00225 43.755
NA NA
12.06535 43.755
12.12845 43.755
12.12845 43.71
12.06535 43.71
12.06535 43.755
NA NA
12.12835 43.755
12.19145 43.755
12.19145 43.71
12.12835 43.71
12.12835 43.755
NA NA
12.19145 43.755
12.25455 43.755
12.25455 43.71
12.19145 43.71
12.19145 43.755
NA NA
11.87615 43.8
11.93925 43.8
11.93925 43.755
11.87615 43.755
11.87615 43.8
NA NA
11.93925 43.8
12.00235 43.8
12.00235 43.755
11.93925 43.755
11.93925 43.8
NA NA
12.00225 43.8
12.06535 43.8
12.06535 43.755
12.00225 43.755
12.00225 43.8
NA NA
12.06535 43.8
12.12845 43.8
12.12845 43.755
12.06535 43.755
12.06535 43.8
NA NA
12.12835 43.8
12.19145 43.8
12.19145 43.755
12.12835 43.755
12.12835 43.8
NA NA
12.19145 43.8
12.25455 43.8
12.25455 43.755
12.19145 43.755
12.19145 43.8
NA NA
12.25445 43.8
12.31755 43.8
12.31755 43.755
12.25445 43.755
12.25445 43.8
NA NA
11.75005 43.845
11.81315 43.845
11.81315 43.8
11.75005 43.8
11.75005 43.845
NA NA
11.81315 43.845
11.87625 43.845
11.87625 43.8
11.81315 43.8
11.81315 43.845
NA NA
11.87615 43.845
11.93925 43.845
11.93925 43.8
11.87615 43.8
11.87615 43.845
NA NA
11.93925 43.845
12.00235 43.845
12.00235 43.8
11.93925 43.8
11.93925 43.845
NA NA
12.00225 43.845
12.06535 43.845
12.06535 43.8
12.00225 43.8
12.00225 43.845
NA NA
12.06535 43.845
12.12845 43.845
12.12845 43.8
12.06535 43.8
12.06535 43.845
NA NA
12.12835 43.845
12.19145 43.845
12.19145 43.8
12.12835 43.8
12.12835 43.845
NA NA
12.19145 43.845
12.25455 43.845
12.25455 43.8
12.19145 43.8
12.19145 43.845
NA NA
12.25445 43.845
12.31755 43.845
12.31755 43.8
12.25445 43.8
12.25445 43.845
NA NA
12.31755 43.845
12.38065 43.845
12.38065 43.8
12.31755 43.8
12.31755 43.845
NA NA
12.56975 43.845
12.63285 43.845
12.63285 43.8
12.56975 43.8
12.56975 43.845
NA NA
12.63275 43.845
12.69585 43.845
12.69585 43.8
12.63275 43.8
12.63275 43.845
NA NA
11.68705 43.89
11.75015 43.89
11.75015 43.845
11.68705 43.845
11.68705 43.89
NA NA
11.75005 43.89
11.81315 43.89
11.81315 43.845
11.75005 43.845
11.75005 43.89
NA NA
11.81315 43.89
11.87625 43.89
11.87625 43.845
11.81315 43.845
11.81315 43.89
NA NA
11.87615 43.89
11.93925 43.89
11.93925 43.845
11.87615 43.845
11.87615 43.89
NA NA
11.93925 43.89
12.00235 43.89
12.00235 43.845
11.93925 43.845
11.93925 43.89
NA NA
12.00225 43.89
12.06535 43.89
12.06535 43.845
12.00225 43.845
12.00225 43.89
NA NA
12.06535 43.89
12.12845 43.89
12.12845 43.845
12.06535 43.845
12.06535 43.89
NA NA
12.12835 43.89
12.19145 43.89
12.19145 43.845
12.12835 43.845
12.12835 43.89
NA NA
12.19145 43.89
12.25455 43.89
12.25455 43.845
12.19145 43.845
12.19145 43.89
NA NA
12.25445 43.89
12.31755 43.89
12.31755 43.845
12.25445 43.845
12.25445 43.89
NA NA
12.31755 43.89
12.38065 43.89
12.38065 43.845
12.31755 43.845
12.31755 43.89
NA NA
12.38055 43.89
12.44365 43.89
12.44365 43.845
12.38055 43.845
12.38055 43.89
NA NA
12.50665 43.89
12.56975 43.89
12.56975 43.845
12.50665 43.845
12.50665 43.89
NA NA
12.56975 43.89
12.63285 43.89
12.63285 43.845
12.56975 43.845
12.56975 43.89
NA NA
12.63275 43.89
12.69585 43.89
12.69585 43.845
12.63275 43.845
12.63275 43.89
NA NA
12.69585 43.89
12.75895 43.89
12.75895 43.845
12.69585 43.845
12.69585 43.89
NA NA
11.68705 43.935
11.75015 43.935
11.75015 43.89
11.68705 43.89
11.68705 43.935
NA NA
11.75005 43.935
11.81315 43.935
11.81315 43.89
11.75005 43.89
11.75005 43.935
NA NA
11.81315 43.935
11.87625 43.935
11.87625 43.89
11.81315 43.89
11.81315 43.935
NA NA
11.87615 43.935
11.93925 43.935
11.93925 43.89
11.87615 43.89
11.87615 43.935
NA NA
11.93925 43.935
12.00235 43.935
12.00235 43.89
11.93925 43.89
11.93925 43.935
NA NA
12.00225 43.935
12.06535 43.935
12.06535 43.89
12.00225 43.89
12.00225 43.935
NA NA
12.06535 43.935
12.12845 43.935
12.12845 43.89
12.06535 43.89
12.06535 43.935
NA NA
12.12835 43.935
12.19145 43.935
12.19145 43.89
12.12835 43.89
12.12835 43.935
NA NA
12.19145 43.935
12.25455 43.935
12.25455 43.89
12.19145 43.89
12.19145 43.935
NA NA
12.25445 43.935
12.31755 43.935
12.31755 43.89
12.25445 43.89
12.25445 43.935
NA NA
12.31755 43.935
12.38065 43.935
12.38065 43.89
12.31755 43.89
12.31755 43.935
NA NA
12.38055 43.935
12.44365 43.935
12.44365 43.89
12.38055 43.89
12.38055 43.935
NA NA
12.44365 43.935
12.50675 43.935
12.50675 43.89
12.44365 43.89
12.44365 43.935
NA NA
12.50665 43.935
12.56975 43.935
12.56975 43.89
12.50665 43.89
12.50665 43.935
NA NA
12.56975 43.935
12.63285 43.935
12.63285 43.89
12.56975 43.89
12.56975 43.935
NA NA
12.63275 43.935
12.69585 43.935
12.69585 43.89
12.63275 43.89
12.63275 43.935
NA NA
12.69585 43.935
12.75895 43.935
12.75895 43.89
12.69585 43.89
12.69585 43.935
NA NA
11.62395 43.98
11.68705 43.98
11.68705 43.935
11.62395 43.935
11.62395 43.98
NA NA
11.68705 43.98
11.75015 43.98
11.75015 43.935
11.68705 43.935
11.68705 43.98
NA NA
11.75005 43.98
11.81315 43.98
11.81315 43.935
11.75005 43.935
11.75005 43.98
NA NA
11.81315 43.98
11.87625 43.98
11.87625 43.935
11.81315 43.935
11.81315 43.98
NA NA
11.87615 43.98
11.93925 43.98
11.93925 43.935
11.87615 43.935
11.87615 43.98
NA NA
11.93925 43.98
12.00235 43.98
12.00235 43.935
11.93925 43.935
11.93925 43.98
NA NA
12.00225 43.98
12.06535 43.98
12.06535 43.935
12.00225 43.935
12.00225 43.98
NA NA
12.06535 43.98
12.12845 43.98
12.12845 43.935
12.06535 43.935
12.06535 43.98
NA NA
12.12835 43.98
12.19145 43.98
12.19145 43.935
12.12835 43.935
12.12835 43.98
NA NA
12.19145 43.98
12.25455 43.98
12.25455 43.935
12.19145 43.935
12.19145 43.98
NA NA
12.25445 43.98
12.31755 43.98
12.31755 43.935
12.25445 43.935
12.25445 43.98
NA NA
12.31755 43.98
12.38065 43.98
12.38065 43.935
12.31755 43.935
12.31755 43.98
NA NA
12.38055 43.98
12.44365 43.98
12.44365 43.935
12.38055 43.935
12.38055 43.98
NA NA
12.44365 43.98
12.50675 43.98
12.50675 43.935
12.44365 43.935
12.44365 43.98
NA NA
12.50665 43.98
12.56975 43.98
12.56975 43.935
12.50665 43.935
12.50665 43.98
NA NA
12.56975 43.98
12.63285 43.98
12.63285 43.935
12.56975 43.935
12.56975 43.98
NA NA
12.63275 43.98
12.69585 43.98
12.69585 43.935
12.63275 43.935
12.63275 43.98
NA NA
12.69585 43.98
12.75895 43.98
12.75895 43.935
12.69585 43.935
12.69585 43.98
NA NA
11.62395 44.025
11.68705 44.025
11.68705 43.98
11.62395 43.98
11.62395 44.025
NA NA
11.68705 44.025
11.75015 44.025
11.75015 43.98
11.68705 43.98
11.68705 44.025
NA NA
11.75005 44.025
11.81315 44.025
11.81315 43.98
11.75005 43.98
11.75005 44.025
NA NA
11.81315 44.025
11.87625 44.025
11.87625 43.98
11.81315 43.98
11.81315 44.025
NA NA
11.87615 44.025
11.93925 44.025
11.93925 43.98
11.87615 43.98
11.87615 44.025
NA NA
11.93925 44.025
12.00235 44.025
12.00235 43.98
11.93925 43.98
11.93925 44.025
NA NA
12.00225 44.025
12.06535 44.025
12.06535 43.98
12.00225 43.98
12.00225 44.025
NA NA
12.06535 44.025
12.12845 44.025
12.12845 43.98
12.06535 43.98
12.06535 44.025
NA NA
12.12835 44.025
12.19145 44.025
12.19145 43.98
12.12835 43.98
12.12835 44.025
NA NA
12.19145 44.025
12.25455 44.025
12.25455 43.98
12.19145 43.98
12.19145 44.025
NA NA
12.25445 44.025
12.31755 44.025
12.31755 43.98
12.25445 43.98
12.25445 44.025
NA NA
12.31755 44.025
12.38065 44.025
12.38065 43.98
12.31755 43.98
12.31755 44.025
NA NA
12.38055 44.025
12.44365 44.025
12.44365 43.98
12.38055 43.98
12.38055 44.025
NA NA
12.44365 44.025
12.50675 44.025
12.50675 43.98
12.44365 43.98
12.44365 44.025
NA NA
12.50665 44.025
12.56975 44.025
12.56975 43.98
12.50665 43.98
12.50665 44.025
NA NA
12.56975 44.025
12.63285 44.025
12.63285 43.98
12.56975 43.98
12.56975 44.025
NA NA
12.63275 44.025
12.69585 44.025
12.69585 43.98
12.63275 43.98
12.63275 44.025
NA NA
12.69585 44.025
12.75895 44.025
12.75895 43.98
12.69585 43.98
12.69585 44.025
NA NA
10.86735 44.07
10.93045 44.07
10.93045 44.025
10.86735 44.025
10.86735 44.07
NA NA
11.62395 44.07
11.68705 44.07
11.68705 44.025
11.62395 44.025
11.62395 44.07
NA NA
11.68705 44.07
11.75015 44.07
11.75015 44.025
11.68705 44.025
11.68705 44.07
NA NA
11.75005 44.07
11.81315 44.07
11.81315 44.025
11.75005 44.025
11.75005 44.07
NA NA
11.81315 44.07
11.87625 44.07
11.87625 44.025
11.81315 44.025
11.81315 44.07
NA NA
11.87615 44.07
11.93925 44.07
11.93925 44.025
11.87615 44.025
11.87615 44.07
NA NA
11.93925 44.07
12.00235 44.07
12.00235 44.025
11.93925 44.025
11.93925 44.07
NA NA
12.00225 44.07
12.06535 44.07
12.06535 44.025
12.00225 44.025
12.00225 44.07
NA NA
12.06535 44.07
12.12845 44.07
12.12845 44.025
12.06535 44.025
12.06535 44.07
NA NA
12.12835 44.07
12.19145 44.07
12.19145 44.025
12.12835 44.025
12.12835 44.07
NA NA
12.19145 44.07
12.25455 44.07
12.25455 44.025
12.19145 44.025
12.19145 44.07
NA NA
12.25445 44.07
12.31755 44.07
12.31755 44.025
12.25445 44.025
12.25445 44.07
NA NA
12.31755 44.07
12.38065 44.07
12.38065 44.025
12.31755 44.025
12.31755 44.07
NA NA
12.38055 44.07
12.44365 44.07
12.44365 44.025
12.38055 44.025
12.38055 44.07
NA NA
12.44365 44.07
12.50675 44.07
12.50675 44.025
12.44365 44.025
12.44365 44.07
NA NA
12.50665 44.07
12.56975 44.07
12.56975 44.025
12.50665 44.025
12.50665 44.07
NA NA
12.56975 44.07
12.63285 44.07
12.63285 44.025
12.56975 44.025
12.56975 44.07
NA NA
10.80435 44.115
10.86745 44.115
10.86745 44.07
10.80435 44.07
10.80435 44.115
NA NA
10.86735 44.115
10.93045 44.115
10.93045 44.07
10.86735 44.07
10.86735 44.115
NA NA
10.93045 44.115
10.99355 44.115
10.99355 44.07
10.93045 44.07
10.93045 44.115
NA NA
10.99345 44.115
11.05655 44.115
11.05655 44.07
10.99345 44.07
10.99345 44.115
NA NA
11.05655 44.115
11.11965 44.115
11.11965 44.07
11.05655 44.07
11.05655 44.115
NA NA
11.11955 44.115
11.18265 44.115
11.18265 44.07
11.11955 44.07
11.11955 44.115
NA NA
11.18265 44.115
11.24575 44.115
11.24575 44.07
11.18265 44.07
11.18265 44.115
NA NA
11.24565 44.115
11.30875 44.115
11.30875 44.07
11.24565 44.07
11.24565 44.115
NA NA
11.56095 44.115
11.62405 44.115
11.62405 44.07
11.56095 44.07
11.56095 44.115
NA NA
11.62395 44.115
11.68705 44.115
11.68705 44.07
11.62395 44.07
11.62395 44.115
NA NA
11.68705 44.115
11.75015 44.115
11.75015 44.07
11.68705 44.07
11.68705 44.115
NA NA
11.75005 44.115
11.81315 44.115
11.81315 44.07
11.75005 44.07
11.75005 44.115
NA NA
11.81315 44.115
11.87625 44.115
11.87625 44.07
11.81315 44.07
11.81315 44.115
NA NA
11.87615 44.115
11.93925 44.115
11.93925 44.07
11.87615 44.07
11.87615 44.115
NA NA
11.93925 44.115
12.00235 44.115
12.00235 44.07
11.93925 44.07
11.93925 44.115
NA NA
12.00225 44.115
12.06535 44.115
12.06535 44.07
12.00225 44.07
12.00225 44.115
NA NA
12.06535 44.115
12.12845 44.115
12.12845 44.07
12.06535 44.07
12.06535 44.115
NA NA
12.12835 44.115
12.19145 44.115
12.19145 44.07
12.12835 44.07
12.12835 44.115
NA NA
12.19145 44.115
12.25455 44.115
12.25455 44.07
12.19145 44.07
12.19145 44.115
NA NA
12.25445 44.115
12.31755 44.115
12.31755 44.07
12.25445 44.07
12.25445 44.115
NA NA
12.31755 44.115
12.38065 44.115
12.38065 44.07
12.31755 44.07
12.31755 44.115
NA NA
12.38055 44.115
12.44365 44.115
12.44365 44.07
12.38055 44.07
12.38055 44.115
NA NA
12.44365 44.115
12.50675 44.115
12.50675 44.07
12.44365 44.07
12.44365 44.115
NA NA
12.50665 44.115
12.56975 44.115
12.56975 44.07
12.50665 44.07
12.50665 44.115
NA NA
12.56975 44.115
12.63285 44.115
12.63285 44.07
12.56975 44.07
12.56975 44.115
NA NA
10.48905 44.16
10.55215 44.16
10.55215 44.115
10.48905 44.115
10.48905 44.16
NA NA
10.55215 44.16
10.61525 44.16
10.61525 44.115
10.55215 44.115
10.55215 44.16
NA NA
10.61515 44.16
10.67825 44.16
10.67825 44.115
10.61515 44.115
10.61515 44.16
NA NA
10.67825 44.16
10.74135 44.16
10.74135 44.115
10.67825 44.115
10.67825 44.16
NA NA
10.74125 44.16
10.80435 44.16
10.80435 44.115
10.74125 44.115
10.74125 44.16
NA NA
10.80435 44.16
10.86745 44.16
10.86745 44.115
10.80435 44.115
10.80435 44.16
NA NA
10.86735 44.16
10.93045 44.16
10.93045 44.115
10.86735 44.115
10.86735 44.16
NA NA
10.93045 44.16
10.99355 44.16
10.99355 44.115
10.93045 44.115
10.93045 44.16
NA NA
10.99345 44.16
11.05655 44.16
11.05655 44.115
10.99345 44.115
10.99345 44.16
NA NA
11.05655 44.16
11.11965 44.16
11.11965 44.115
11.05655 44.115
11.05655 44.16
NA NA
11.11955 44.16
11.18265 44.16
11.18265 44.115
11.11955 44.115
11.11955 44.16
NA NA
11.18265 44.16
11.24575 44.16
11.24575 44.115
11.18265 44.115
11.18265 44.16
NA NA
11.24565 44.16
11.30875 44.16
11.30875 44.115
11.24565 44.115
11.24565 44.16
NA NA
11.49785 44.16
11.56095 44.16
11.56095 44.115
11.49785 44.115
11.49785 44.16
NA NA
11.56095 44.16
11.62405 44.16
11.62405 44.115
11.56095 44.115
11.56095 44.16
NA NA
11.62395 44.16
11.68705 44.16
11.68705 44.115
11.62395 44.115
11.62395 44.16
NA NA
11.68705 44.16
11.75015 44.16
11.75015 44.115
11.68705 44.115
11.68705 44.16
NA NA
11.75005 44.16
11.81315 44.16
11.81315 44.115
11.75005 44.115
11.75005 44.16
NA NA
11.81315 44.16
11.87625 44.16
11.87625 44.115
11.81315 44.115
11.81315 44.16
NA NA
11.87615 44.16
11.93925 44.16
11.93925 44.115
11.87615 44.115
11.87615 44.16
NA NA
11.93925 44.16
12.00235 44.16
12.00235 44.115
11.93925 44.115
11.93925 44.16
NA NA
12.00225 44.16
12.06535 44.16
12.06535 44.115
12.00225 44.115
12.00225 44.16
NA NA
12.06535 44.16
12.12845 44.16
12.12845 44.115
12.06535 44.115
12.06535 44.16
NA NA
12.12835 44.16
12.19145 44.16
12.19145 44.115
12.12835 44.115
12.12835 44.16
NA NA
12.19145 44.16
12.25455 44.16
12.25455 44.115
12.19145 44.115
12.19145 44.16
NA NA
12.25445 44.16
12.31755 44.16
12.31755 44.115
12.25445 44.115
12.25445 44.16
NA NA
12.31755 44.16
12.38065 44.16
12.38065 44.115
12.31755 44.115
12.31755 44.16
NA NA
12.38055 44.16
12.44365 44.16
12.44365 44.115
12.38055 44.115
12.38055 44.16
NA NA
12.44365 44.16
12.50675 44.16
12.50675 44.115
12.44365 44.115
12.44365 44.16
NA NA
10.48905 44.205
10.55215 44.205
10.55215 44.16
10.48905 44.16
10.48905 44.205
NA NA
10.55215 44.205
10.61525 44.205
10.61525 44.16
10.55215 44.16
10.55215 44.205
NA NA
10.61515 44.205
10.67825 44.205
10.67825 44.16
10.61515 44.16
10.61515 44.205
NA NA
10.67825 44.205
10.74135 44.205
10.74135 44.16
10.67825 44.16
10.67825 44.205
NA NA
10.74125 44.205
10.80435 44.205
10.80435 44.16
10.74125 44.16
10.74125 44.205
NA NA
10.80435 44.205
10.86745 44.205
10.86745 44.16
10.80435 44.16
10.80435 44.205
NA NA
10.86735 44.205
10.93045 44.205
10.93045 44.16
10.86735 44.16
10.86735 44.205
NA NA
10.93045 44.205
10.99355 44.205
10.99355 44.16
10.93045 44.16
10.93045 44.205
NA NA
10.99345 44.205
11.05655 44.205
11.05655 44.16
10.99345 44.16
10.99345 44.205
NA NA
11.05655 44.205
11.11965 44.205
11.11965 44.16
11.05655 44.16
11.05655 44.205
NA NA
11.11955 44.205
11.18265 44.205
11.18265 44.16
11.11955 44.16
11.11955 44.205
NA NA
11.18265 44.205
11.24575 44.205
11.24575 44.16
11.18265 44.16
11.18265 44.205
NA NA
11.24565 44.205
11.30875 44.205
11.30875 44.16
11.24565 44.16
11.24565 44.205
NA NA
11.30875 44.205
11.37185 44.205
11.37185 44.16
11.30875 44.16
11.30875 44.205
NA NA
11.37175 44.205
11.43485 44.205
11.43485 44.16
11.37175 44.16
11.37175 44.205
NA NA
11.43485 44.205
11.49795 44.205
11.49795 44.16
11.43485 44.16
11.43485 44.205
NA NA
11.49785 44.205
11.56095 44.205
11.56095 44.16
11.49785 44.16
11.49785 44.205
NA NA
11.56095 44.205
11.62405 44.205
11.62405 44.16
11.56095 44.16
11.56095 44.205
NA NA
11.62395 44.205
11.68705 44.205
11.68705 44.16
11.62395 44.16
11.62395 44.205
NA NA
11.68705 44.205
11.75015 44.205
11.75015 44.16
11.68705 44.16
11.68705 44.205
NA NA
11.75005 44.205
11.81315 44.205
11.81315 44.16
11.75005 44.16
11.75005 44.205
NA NA
11.81315 44.205
11.87625 44.205
11.87625 44.16
11.81315 44.16
11.81315 44.205
NA NA
11.87615 44.205
11.93925 44.205
11.93925 44.16
11.87615 44.16
11.87615 44.205
NA NA
11.93925 44.205
12.00235 44.205
12.00235 44.16
11.93925 44.16
11.93925 44.205
NA NA
12.00225 44.205
12.06535 44.205
12.06535 44.16
12.00225 44.16
12.00225 44.205
NA NA
12.06535 44.205
12.12845 44.205
12.12845 44.16
12.06535 44.16
12.06535 44.205
NA NA
12.12835 44.205
12.19145 44.205
12.19145 44.16
12.12835 44.16
12.12835 44.205
NA NA
12.19145 44.205
12.25455 44.205
12.25455 44.16
12.19145 44.16
12.19145 44.205
NA NA
12.25445 44.205
12.31755 44.205
12.31755 44.16
12.25445 44.16
12.25445 44.205
NA NA
12.31755 44.205
12.38065 44.205
12.38065 44.16
12.31755 44.16
12.31755 44.205
NA NA
12.38055 44.205
12.44365 44.205
12.44365 44.16
12.38055 44.16
12.38055 44.205
NA NA
12.44365 44.205
12.50675 44.205
12.50675 44.16
12.44365 44.16
12.44365 44.205
NA NA
10.36295 44.25
10.42605 44.25
10.42605 44.205
10.36295 44.205
10.36295 44.25
NA NA
10.42605 44.25
10.48915 44.25
10.48915 44.205
10.42605 44.205
10.42605 44.25
NA NA
10.48905 44.25
10.55215 44.25
10.55215 44.205
10.48905 44.205
10.48905 44.25
NA NA
10.55215 44.25
10.61525 44.25
10.61525 44.205
10.55215 44.205
10.55215 44.25
NA NA
10.61515 44.25
10.67825 44.25
10.67825 44.205
10.61515 44.205
10.61515 44.25
NA NA
10.67825 44.25
10.74135 44.25
10.74135 44.205
10.67825 44.205
10.67825 44.25
NA NA
10.74125 44.25
10.80435 44.25
10.80435 44.205
10.74125 44.205
10.74125 44.25
NA NA
10.80435 44.25
10.86745 44.25
10.86745 44.205
10.80435 44.205
10.80435 44.25
NA NA
10.86735 44.25
10.93045 44.25
10.93045 44.205
10.86735 44.205
10.86735 44.25
NA NA
10.93045 44.25
10.99355 44.25
10.99355 44.205
10.93045 44.205
10.93045 44.25
NA NA
10.99345 44.25
11.05655 44.25
11.05655 44.205
10.99345 44.205
10.99345 44.25
NA NA
11.05655 44.25
11.11965 44.25
11.11965 44.205
11.05655 44.205
11.05655 44.25
NA NA
11.11955 44.25
11.18265 44.25
11.18265 44.205
11.11955 44.205
11.11955 44.25
NA NA
11.18265 44.25
11.24575 44.25
11.24575 44.205
11.18265 44.205
11.18265 44.25
NA NA
11.24565 44.25
11.30875 44.25
11.30875 44.205
11.24565 44.205
11.24565 44.25
NA NA
11.30875 44.25
11.37185 44.25
11.37185 44.205
11.30875 44.205
11.30875 44.25
NA NA
11.37175 44.25
11.43485 44.25
11.43485 44.205
11.37175 44.205
11.37175 44.25
NA NA
11.43485 44.25
11.49795 44.25
11.49795 44.205
11.43485 44.205
11.43485 44.25
NA NA
11.49785 44.25
11.56095 44.25
11.56095 44.205
11.49785 44.205
11.49785 44.25
NA NA
11.56095 44.25
11.62405 44.25
11.62405 44.205
11.56095 44.205
11.56095 44.25
NA NA
11.62395 44.25
11.68705 44.25
11.68705 44.205
11.62395 44.205
11.62395 44.25
NA NA
11.68705 44.25
11.75015 44.25
11.75015 44.205
11.68705 44.205
11.68705 44.25
NA NA
11.75005 44.25
11.81315 44.25
11.81315 44.205
11.75005 44.205
11.75005 44.25
NA NA
11.81315 44.25
11.87625 44.25
11.87625 44.205
11.81315 44.205
11.81315 44.25
NA NA
11.87615 44.25
11.93925 44.25
11.93925 44.205
11.87615 44.205
11.87615 44.25
NA NA
11.93925 44.25
12.00235 44.25
12.00235 44.205
11.93925 44.205
11.93925 44.25
NA NA
12.00225 44.25
12.06535 44.25
12.06535 44.205
12.00225 44.205
12.00225 44.25
NA NA
12.06535 44.25
12.12845 44.25
12.12845 44.205
12.06535 44.205
12.06535 44.25
NA NA
12.12835 44.25
12.19145 44.25
12.19145 44.205
12.12835 44.205
12.12835 44.25
NA NA
12.19145 44.25
12.25455 44.25
12.25455 44.205
12.19145 44.205
12.19145 44.25
NA NA
12.25445 44.25
12.31755 44.25
12.31755 44.205
12.25445 44.205
12.25445 44.25
NA NA
12.31755 44.25
12.38065 44.25
12.38065 44.205
12.31755 44.205
12.31755 44.25
NA NA
12.38055 44.25
12.44365 44.25
12.44365 44.205
12.38055 44.205
12.38055 44.25
NA NA
10.17385 44.295
10.23695 44.295
10.23695 44.25
10.17385 44.25
10.17385 44.295
NA NA
10.23685 44.295
10.29995 44.295
10.29995 44.25
10.23685 44.25
10.23685 44.295
NA NA
10.29995 44.295
10.36305 44.295
10.36305 44.25
10.29995 44.25
10.29995 44.295
NA NA
10.36295 44.295
10.42605 44.295
10.42605 44.25
10.36295 44.25
10.36295 44.295
NA NA
10.42605 44.295
10.48915 44.295
10.48915 44.25
10.42605 44.25
10.42605 44.295
NA NA
10.48905 44.295
10.55215 44.295
10.55215 44.25
10.48905 44.25
10.48905 44.295
NA NA
10.55215 44.295
10.61525 44.295
10.61525 44.25
10.55215 44.25
10.55215 44.295
NA NA
10.61515 44.295
10.67825 44.295
10.67825 44.25
10.61515 44.25
10.61515 44.295
NA NA
10.67825 44.295
10.74135 44.295
10.74135 44.25
10.67825 44.25
10.67825 44.295
NA NA
10.74125 44.295
10.80435 44.295
10.80435 44.25
10.74125 44.25
10.74125 44.295
NA NA
10.80435 44.295
10.86745 44.295
10.86745 44.25
10.80435 44.25
10.80435 44.295
NA NA
10.86735 44.295
10.93045 44.295
10.93045 44.25
10.86735 44.25
10.86735 44.295
NA NA
10.93045 44.295
10.99355 44.295
10.99355 44.25
10.93045 44.25
10.93045 44.295
NA NA
10.99345 44.295
11.05655 44.295
11.05655 44.25
10.99345 44.25
10.99345 44.295
NA NA
11.05655 44.295
11.11965 44.295
11.11965 44.25
11.05655 44.25
11.05655 44.295
NA NA
11.11955 44.295
11.18265 44.295
11.18265 44.25
11.11955 44.25
11.11955 44.295
NA NA
11.18265 44.295
11.24575 44.295
11.24575 44.25
11.18265 44.25
11.18265 44.295
NA NA
11.24565 44.295
11.30875 44.295
11.30875 44.25
11.24565 44.25
11.24565 44.295
NA NA
11.30875 44.295
11.37185 44.295
11.37185 44.25
11.30875 44.25
11.30875 44.295
NA NA
11.37175 44.295
11.43485 44.295
11.43485 44.25
11.37175 44.25
11.37175 44.295
NA NA
11.43485 44.295
11.49795 44.295
11.49795 44.25
11.43485 44.25
11.43485 44.295
NA NA
11.49785 44.295
11.56095 44.295
11.56095 44.25
11.49785 44.25
11.49785 44.295
NA NA
11.56095 44.295
11.62405 44.295
11.62405 44.25
11.56095 44.25
11.56095 44.295
NA NA
11.62395 44.295
11.68705 44.295
11.68705 44.25
11.62395 44.25
11.62395 44.295
NA NA
11.68705 44.295
11.75015 44.295
11.75015 44.25
11.68705 44.25
11.68705 44.295
NA NA
11.75005 44.295
11.81315 44.295
11.81315 44.25
11.75005 44.25
11.75005 44.295
NA NA
11.81315 44.295
11.87625 44.295
11.87625 44.25
11.81315 44.25
11.81315 44.295
NA NA
11.87615 44.295
11.93925 44.295
11.93925 44.25
11.87615 44.25
11.87615 44.295
NA NA
11.93925 44.295
12.00235 44.295
12.00235 44.25
11.93925 44.25
11.93925 44.295
NA NA
12.00225 44.295
12.06535 44.295
12.06535 44.25
12.00225 44.25
12.00225 44.295
NA NA
12.06535 44.295
12.12845 44.295
12.12845 44.25
12.06535 44.25
12.06535 44.295
NA NA
12.12835 44.295
12.19145 44.295
12.19145 44.25
12.12835 44.25
12.12835 44.295
NA NA
12.19145 44.295
12.25455 44.295
12.25455 44.25
12.19145 44.25
12.19145 44.295
NA NA
12.25445 44.295
12.31755 44.295
12.31755 44.25
12.25445 44.25
12.25445 44.295
NA NA
12.31755 44.295
12.38065 44.295
12.38065 44.25
12.31755 44.25
12.31755 44.295
NA NA
10.11075 44.34
10.17385 44.34
10.17385 44.295
10.11075 44.295
10.11075 44.34
NA NA
10.17385 44.34
10.23695 44.34
10.23695 44.295
10.17385 44.295
10.17385 44.34
NA NA
10.23685 44.34
10.29995 44.34
10.29995 44.295
10.23685 44.295
10.23685 44.34
NA NA
10.29995 44.34
10.36305 44.34
10.36305 44.295
10.29995 44.295
10.29995 44.34
NA NA
10.36295 44.34
10.42605 44.34
10.42605 44.295
10.36295 44.295
10.36295 44.34
NA NA
10.42605 44.34
10.48915 44.34
10.48915 44.295
10.42605 44.295
10.42605 44.34
NA NA
10.48905 44.34
10.55215 44.34
10.55215 44.295
10.48905 44.295
10.48905 44.34
NA NA
10.55215 44.34
10.61525 44.34
10.61525 44.295
10.55215 44.295
10.55215 44.34
NA NA
10.61515 44.34
10.67825 44.34
10.67825 44.295
10.61515 44.295
10.61515 44.34
NA NA
10.67825 44.34
10.74135 44.34
10.74135 44.295
10.67825 44.295
10.67825 44.34
NA NA
10.74125 44.34
10.80435 44.34
10.80435 44.295
10.74125 44.295
10.74125 44.34
NA NA
10.80435 44.34
10.86745 44.34
10.86745 44.295
10.80435 44.295
10.80435 44.34
NA NA
10.86735 44.34
10.93045 44.34
10.93045 44.295
10.86735 44.295
10.86735 44.34
NA NA
10.93045 44.34
10.99355 44.34
10.99355 44.295
10.93045 44.295
10.93045 44.34
NA NA
10.99345 44.34
11.05655 44.34
11.05655 44.295
10.99345 44.295
10.99345 44.34
NA NA
11.05655 44.34
11.11965 44.34
11.11965 44.295
11.05655 44.295
11.05655 44.34
NA NA
11.11955 44.34
11.18265 44.34
11.18265 44.295
11.11955 44.295
11.11955 44.34
NA NA
11.18265 44.34
11.24575 44.34
11.24575 44.295
11.18265 44.295
11.18265 44.34
NA NA
11.24565 44.34
11.30875 44.34
11.30875 44.295
11.24565 44.295
11.24565 44.34
NA NA
11.30875 44.34
11.37185 44.34
11.37185 44.295
11.30875 44.295
11.30875 44.34
NA NA
11.37175 44.34
11.43485 44.34
11.43485 44.295
11.37175 44.295
11.37175 44.34
NA NA
11.43485 44.34
11.49795 44.34
11.49795 44.295
11.43485 44.295
11.43485 44.34
NA NA
11.49785 44.34
11.56095 44.34
11.56095 44.295
11.49785 44.295
11.49785 44.34
NA NA
11.56095 44.34
11.62405 44.34
11.62405 44.295
11.56095 44.295
11.56095 44.34
NA NA
11.62395 44.34
11.68705 44.34
11.68705 44.295
11.62395 44.295
11.62395 44.34
NA NA
11.68705 44.34
11.75015 44.34
11.75015 44.295
11.68705 44.295
11.68705 44.34
NA NA
11.75005 44.34
11.81315 44.34
11.81315 44.295
11.75005 44.295
11.75005 44.34
NA NA
11.81315 44.34
11.87625 44.34
11.87625 44.295
11.81315 44.295
11.81315 44.34
NA NA
11.87615 44.34
11.93925 44.34
11.93925 44.295
11.87615 44.295
11.87615 44.34
NA NA
11.93925 44.34
12.00235 44.34
12.00235 44.295
11.93925 44.295
11.93925 44.34
NA NA
12.00225 44.34
12.06535 44.34
12.06535 44.295
12.00225 44.295
12.00225 44.34
NA NA
12.06535 44.34
12.12845 44.34
12.12845 44.295
12.06535 44.295
12.06535 44.34
NA NA
12.12835 44.34
12.19145 44.34
12.19145 44.295
12.12835 44.295
12.12835 44.34
NA NA
12.19145 44.34
12.25455 44.34
12.25455 44.295
12.19145 44.295
12.19145 44.34
NA NA
12.25445 44.34
12.31755 44.34
12.31755 44.295
12.25445 44.295
12.25445 44.34
NA NA
12.31755 44.34
12.38065 44.34
12.38065 44.295
12.31755 44.295
12.31755 44.34
NA NA
9.66942 44.385
9.73252 44.385
9.73252 44.34
9.66942 44.34
9.66942 44.385
NA NA
9.73247 44.385
9.79557 44.385
9.79557 44.34
9.73247 44.34
9.73247 44.385
NA NA
9.98465 44.385
10.04775 44.385
10.04775 44.34
9.98465 44.34
9.98465 44.385
NA NA
10.04775 44.385
10.11085 44.385
10.11085 44.34
10.04775 44.34
10.04775 44.385
NA NA
10.11075 44.385
10.17385 44.385
10.17385 44.34
10.11075 44.34
10.11075 44.385
NA NA
10.17385 44.385
10.23695 44.385
10.23695 44.34
10.17385 44.34
10.17385 44.385
NA NA
10.23685 44.385
10.29995 44.385
10.29995 44.34
10.23685 44.34
10.23685 44.385
NA NA
10.29995 44.385
10.36305 44.385
10.36305 44.34
10.29995 44.34
10.29995 44.385
NA NA
10.36295 44.385
10.42605 44.385
10.42605 44.34
10.36295 44.34
10.36295 44.385
NA NA
10.42605 44.385
10.48915 44.385
10.48915 44.34
10.42605 44.34
10.42605 44.385
NA NA
10.48905 44.385
10.55215 44.385
10.55215 44.34
10.48905 44.34
10.48905 44.385
NA NA
10.55215 44.385
10.61525 44.385
10.61525 44.34
10.55215 44.34
10.55215 44.385
NA NA
10.61515 44.385
10.67825 44.385
10.67825 44.34
10.61515 44.34
10.61515 44.385
NA NA
10.67825 44.385
10.74135 44.385
10.74135 44.34
10.67825 44.34
10.67825 44.385
NA NA
10.74125 44.385
10.80435 44.385
10.80435 44.34
10.74125 44.34
10.74125 44.385
NA NA
10.80435 44.385
10.86745 44.385
10.86745 44.34
10.80435 44.34
10.80435 44.385
NA NA
10.86735 44.385
10.93045 44.385
10.93045 44.34
10.86735 44.34
10.86735 44.385
NA NA
10.93045 44.385
10.99355 44.385
10.99355 44.34
10.93045 44.34
10.93045 44.385
NA NA
10.99345 44.385
11.05655 44.385
11.05655 44.34
10.99345 44.34
10.99345 44.385
NA NA
11.05655 44.385
11.11965 44.385
11.11965 44.34
11.05655 44.34
11.05655 44.385
NA NA
11.11955 44.385
11.18265 44.385
11.18265 44.34
11.11955 44.34
11.11955 44.385
NA NA
11.18265 44.385
11.24575 44.385
11.24575 44.34
11.18265 44.34
11.18265 44.385
NA NA
11.24565 44.385
11.30875 44.385
11.30875 44.34
11.24565 44.34
11.24565 44.385
NA NA
11.30875 44.385
11.37185 44.385
11.37185 44.34
11.30875 44.34
11.30875 44.385
NA NA
11.37175 44.385
11.43485 44.385
11.43485 44.34
11.37175 44.34
11.37175 44.385
NA NA
11.43485 44.385
11.49795 44.385
11.49795 44.34
11.43485 44.34
11.43485 44.385
NA NA
11.49785 44.385
11.56095 44.385
11.56095 44.34
11.49785 44.34
11.49785 44.385
NA NA
11.56095 44.385
11.62405 44.385
11.62405 44.34
11.56095 44.34
11.56095 44.385
NA NA
11.62395 44.385
11.68705 44.385
11.68705 44.34
11.62395 44.34
11.62395 44.385
NA NA
11.68705 44.385
11.75015 44.385
11.75015 44.34
11.68705 44.34
11.68705 44.385
NA NA
11.75005 44.385
11.81315 44.385
11.81315 44.34
11.75005 44.34
11.75005 44.385
NA NA
11.81315 44.385
11.87625 44.385
11.87625 44.34
11.81315 44.34
11.81315 44.385
NA NA
11.87615 44.385
11.93925 44.385
11.93925 44.34
11.87615 44.34
11.87615 44.385
NA NA
11.93925 44.385
12.00235 44.385
12.00235 44.34
11.93925 44.34
11.93925 44.385
NA NA
12.00225 44.385
12.06535 44.385
12.06535 44.34
12.00225 44.34
12.00225 44.385
NA NA
12.06535 44.385
12.12845 44.385
12.12845 44.34
12.06535 44.34
12.06535 44.385
NA NA
12.12835 44.385
12.19145 44.385
12.19145 44.34
12.12835 44.34
12.12835 44.385
NA NA
12.19145 44.385
12.25455 44.385
12.25455 44.34
12.19145 44.34
12.19145 44.385
NA NA
12.25445 44.385
12.31755 44.385
12.31755 44.34
12.25445 44.34
12.25445 44.385
NA NA
12.31755 44.385
12.38065 44.385
12.38065 44.34
12.31755 44.34
12.31755 44.385
NA NA
9.41722 44.43
9.48032 44.43
9.48032 44.385
9.41722 44.385
9.41722 44.43
NA NA
9.48027 44.43
9.54337 44.43
9.54337 44.385
9.48027 44.385
9.48027 44.43
NA NA
9.54332 44.43
9.60642 44.43
9.60642 44.385
9.54332 44.385
9.54332 44.43
NA NA
9.60637 44.43
9.66947 44.43
9.66947 44.385
9.60637 44.385
9.60637 44.43
NA NA
9.66942 44.43
9.73252 44.43
9.73252 44.385
9.66942 44.385
9.66942 44.43
NA NA
9.73247 44.43
9.79557 44.43
9.79557 44.385
9.73247 44.385
9.73247 44.43
NA NA
9.98465 44.43
10.04775 44.43
10.04775 44.385
9.98465 44.385
9.98465 44.43
NA NA
10.04775 44.43
10.11085 44.43
10.11085 44.385
10.04775 44.385
10.04775 44.43
NA NA
10.11075 44.43
10.17385 44.43
10.17385 44.385
10.11075 44.385
10.11075 44.43
NA NA
10.17385 44.43
10.23695 44.43
10.23695 44.385
10.17385 44.385
10.17385 44.43
NA NA
10.23685 44.43
10.29995 44.43
10.29995 44.385
10.23685 44.385
10.23685 44.43
NA NA
10.29995 44.43
10.36305 44.43
10.36305 44.385
10.29995 44.385
10.29995 44.43
NA NA
10.36295 44.43
10.42605 44.43
10.42605 44.385
10.36295 44.385
10.36295 44.43
NA NA
10.42605 44.43
10.48915 44.43
10.48915 44.385
10.42605 44.385
10.42605 44.43
NA NA
10.48905 44.43
10.55215 44.43
10.55215 44.385
10.48905 44.385
10.48905 44.43
NA NA
10.55215 44.43
10.61525 44.43
10.61525 44.385
10.55215 44.385
10.55215 44.43
NA NA
10.61515 44.43
10.67825 44.43
10.67825 44.385
10.61515 44.385
10.61515 44.43
NA NA
10.67825 44.43
10.74135 44.43
10.74135 44.385
10.67825 44.385
10.67825 44.43
NA NA
10.74125 44.43
10.80435 44.43
10.80435 44.385
10.74125 44.385
10.74125 44.43
NA NA
10.80435 44.43
10.86745 44.43
10.86745 44.385
10.80435 44.385
10.80435 44.43
NA NA
10.86735 44.43
10.93045 44.43
10.93045 44.385
10.86735 44.385
10.86735 44.43
NA NA
10.93045 44.43
10.99355 44.43
10.99355 44.385
10.93045 44.385
10.93045 44.43
NA NA
10.99345 44.43
11.05655 44.43
11.05655 44.385
10.99345 44.385
10.99345 44.43
NA NA
11.05655 44.43
11.11965 44.43
11.11965 44.385
11.05655 44.385
11.05655 44.43
NA NA
11.11955 44.43
11.18265 44.43
11.18265 44.385
11.11955 44.385
11.11955 44.43
NA NA
11.18265 44.43
11.24575 44.43
11.24575 44.385
11.18265 44.385
11.18265 44.43
NA NA
11.24565 44.43
11.30875 44.43
11.30875 44.385
11.24565 44.385
11.24565 44.43
NA NA
11.30875 44.43
11.37185 44.43
11.37185 44.385
11.30875 44.385
11.30875 44.43
NA NA
11.37175 44.43
11.43485 44.43
11.43485 44.385
11.37175 44.385
11.37175 44.43
NA NA
11.43485 44.43
11.49795 44.43
11.49795 44.385
11.43485 44.385
11.43485 44.43
NA NA
11.49785 44.43
11.56095 44.43
11.56095 44.385
11.49785 44.385
11.49785 44.43
NA NA
11.56095 44.43
11.62405 44.43
11.62405 44.385
11.56095 44.385
11.56095 44.43
NA NA
11.62395 44.43
11.68705 44.43
11.68705 44.385
11.62395 44.385
11.62395 44.43
NA NA
11.68705 44.43
11.75015 44.43
11.75015 44.385
11.68705 44.385
11.68705 44.43
NA NA
11.75005 44.43
11.81315 44.43
11.81315 44.385
11.75005 44.385
11.75005 44.43
NA NA
11.81315 44.43
11.87625 44.43
11.87625 44.385
11.81315 44.385
11.81315 44.43
NA NA
11.87615 44.43
11.93925 44.43
11.93925 44.385
11.87615 44.385
11.87615 44.43
NA NA
11.93925 44.43
12.00235 44.43
12.00235 44.385
11.93925 44.385
11.93925 44.43
NA NA
12.00225 44.43
12.06535 44.43
12.06535 44.385
12.00225 44.385
12.00225 44.43
NA NA
12.06535 44.43
12.12845 44.43
12.12845 44.385
12.06535 44.385
12.06535 44.43
NA NA
12.12835 44.43
12.19145 44.43
12.19145 44.385
12.12835 44.385
12.12835 44.43
NA NA
12.19145 44.43
12.25455 44.43
12.25455 44.385
12.19145 44.385
12.19145 44.43
NA NA
12.25445 44.43
12.31755 44.43
12.31755 44.385
12.25445 44.385
12.25445 44.43
NA NA
12.31755 44.43
12.38065 44.43
12.38065 44.385
12.31755 44.385
12.31755 44.43
NA NA
9.41722 44.475
9.48032 44.475
9.48032 44.43
9.41722 44.43
9.41722 44.475
NA NA
9.48027 44.475
9.54337 44.475
9.54337 44.43
9.48027 44.43
9.48027 44.475
NA NA
9.54332 44.475
9.60642 44.475
9.60642 44.43
9.54332 44.43
9.54332 44.475
NA NA
9.60637 44.475
9.66947 44.475
9.66947 44.43
9.60637 44.43
9.60637 44.475
NA NA
9.66942 44.475
9.73252 44.475
9.73252 44.43
9.66942 44.43
9.66942 44.475
NA NA
9.73247 44.475
9.79557 44.475
9.79557 44.43
9.73247 44.43
9.73247 44.475
NA NA
9.79552 44.475
9.85862 44.475
9.85862 44.43
9.79552 44.43
9.79552 44.475
NA NA
9.85857 44.475
9.92167 44.475
9.92167 44.43
9.85857 44.43
9.85857 44.475
NA NA
9.92162 44.475
9.98472 44.475
9.98472 44.43
9.92162 44.43
9.92162 44.475
NA NA
9.98465 44.475
10.04775 44.475
10.04775 44.43
9.98465 44.43
9.98465 44.475
NA NA
10.04775 44.475
10.11085 44.475
10.11085 44.43
10.04775 44.43
10.04775 44.475
NA NA
10.11075 44.475
10.17385 44.475
10.17385 44.43
10.11075 44.43
10.11075 44.475
NA NA
10.17385 44.475
10.23695 44.475
10.23695 44.43
10.17385 44.43
10.17385 44.475
NA NA
10.23685 44.475
10.29995 44.475
10.29995 44.43
10.23685 44.43
10.23685 44.475
NA NA
10.29995 44.475
10.36305 44.475
10.36305 44.43
10.29995 44.43
10.29995 44.475
NA NA
10.36295 44.475
10.42605 44.475
10.42605 44.43
10.36295 44.43
10.36295 44.475
NA NA
10.42605 44.475
10.48915 44.475
10.48915 44.43
10.42605 44.43
10.42605 44.475
NA NA
10.48905 44.475
10.55215 44.475
10.55215 44.43
10.48905 44.43
10.48905 44.475
NA NA
10.55215 44.475
10.61525 44.475
10.61525 44.43
10.55215 44.43
10.55215 44.475
NA NA
10.61515 44.475
10.67825 44.475
10.67825 44.43
10.61515 44.43
10.61515 44.475
NA NA
10.67825 44.475
10.74135 44.475
10.74135 44.43
10.67825 44.43
10.67825 44.475
NA NA
10.74125 44.475
10.80435 44.475
10.80435 44.43
10.74125 44.43
10.74125 44.475
NA NA
10.80435 44.475
10.86745 44.475
10.86745 44.43
10.80435 44.43
10.80435 44.475
NA NA
10.86735 44.475
10.93045 44.475
10.93045 44.43
10.86735 44.43
10.86735 44.475
NA NA
10.93045 44.475
10.99355 44.475
10.99355 44.43
10.93045 44.43
10.93045 44.475
NA NA
10.99345 44.475
11.05655 44.475
11.05655 44.43
10.99345 44.43
10.99345 44.475
NA NA
11.05655 44.475
11.11965 44.475
11.11965 44.43
11.05655 44.43
11.05655 44.475
NA NA
11.11955 44.475
11.18265 44.475
11.18265 44.43
11.11955 44.43
11.11955 44.475
NA NA
11.18265 44.475
11.24575 44.475
11.24575 44.43
11.18265 44.43
11.18265 44.475
NA NA
11.24565 44.475
11.30875 44.475
11.30875 44.43
11.24565 44.43
11.24565 44.475
NA NA
11.30875 44.475
11.37185 44.475
11.37185 44.43
11.30875 44.43
11.30875 44.475
NA NA
11.37175 44.475
11.43485 44.475
11.43485 44.43
11.37175 44.43
11.37175 44.475
NA NA
11.43485 44.475
11.49795 44.475
11.49795 44.43
11.43485 44.43
11.43485 44.475
NA NA
11.49785 44.475
11.56095 44.475
11.56095 44.43
11.49785 44.43
11.49785 44.475
NA NA
11.56095 44.475
11.62405 44.475
11.62405 44.43
11.56095 44.43
11.56095 44.475
NA NA
11.62395 44.475
11.68705 44.475
11.68705 44.43
11.62395 44.43
11.62395 44.475
NA NA
11.68705 44.475
11.75015 44.475
11.75015 44.43
11.68705 44.43
11.68705 44.475
NA NA
11.75005 44.475
11.81315 44.475
11.81315 44.43
11.75005 44.43
11.75005 44.475
NA NA
11.81315 44.475
11.87625 44.475
11.87625 44.43
11.81315 44.43
11.81315 44.475
NA NA
11.87615 44.475
11.93925 44.475
11.93925 44.43
11.87615 44.43
11.87615 44.475
NA NA
11.93925 44.475
12.00235 44.475
12.00235 44.43
11.93925 44.43
11.93925 44.475
NA NA
12.00225 44.475
12.06535 44.475
12.06535 44.43
12.00225 44.43
12.00225 44.475
NA NA
12.06535 44.475
12.12845 44.475
12.12845 44.43
12.06535 44.43
12.06535 44.475
NA NA
12.12835 44.475
12.19145 44.475
12.19145 44.43
12.12835 44.43
12.12835 44.475
NA NA
12.19145 44.475
12.25455 44.475
12.25455 44.43
12.19145 44.43
12.19145 44.475
NA NA
12.25445 44.475
12.31755 44.475
12.31755 44.43
12.25445 44.43
12.25445 44.475
NA NA
9.41722 44.52
9.48032 44.52
9.48032 44.475
9.41722 44.475
9.41722 44.52
NA NA
9.48027 44.52
9.54337 44.52
9.54337 44.475
9.48027 44.475
9.48027 44.52
NA NA
9.54332 44.52
9.60642 44.52
9.60642 44.475
9.54332 44.475
9.54332 44.52
NA NA
9.60637 44.52
9.66947 44.52
9.66947 44.475
9.60637 44.475
9.60637 44.52
NA NA
9.66942 44.52
9.73252 44.52
9.73252 44.475
9.66942 44.475
9.66942 44.52
NA NA
9.73247 44.52
9.79557 44.52
9.79557 44.475
9.73247 44.475
9.73247 44.52
NA NA
9.79552 44.52
9.85862 44.52
9.85862 44.475
9.79552 44.475
9.79552 44.52
NA NA
9.85857 44.52
9.92167 44.52
9.92167 44.475
9.85857 44.475
9.85857 44.52
NA NA
9.92162 44.52
9.98472 44.52
9.98472 44.475
9.92162 44.475
9.92162 44.52
NA NA
9.98465 44.52
10.04775 44.52
10.04775 44.475
9.98465 44.475
9.98465 44.52
NA NA
10.04775 44.52
10.11085 44.52
10.11085 44.475
10.04775 44.475
10.04775 44.52
NA NA
10.11075 44.52
10.17385 44.52
10.17385 44.475
10.11075 44.475
10.11075 44.52
NA NA
10.17385 44.52
10.23695 44.52
10.23695 44.475
10.17385 44.475
10.17385 44.52
NA NA
10.23685 44.52
10.29995 44.52
10.29995 44.475
10.23685 44.475
10.23685 44.52
NA NA
10.29995 44.52
10.36305 44.52
10.36305 44.475
10.29995 44.475
10.29995 44.52
NA NA
10.36295 44.52
10.42605 44.52
10.42605 44.475
10.36295 44.475
10.36295 44.52
NA NA
10.42605 44.52
10.48915 44.52
10.48915 44.475
10.42605 44.475
10.42605 44.52
NA NA
10.48905 44.52
10.55215 44.52
10.55215 44.475
10.48905 44.475
10.48905 44.52
NA NA
10.55215 44.52
10.61525 44.52
10.61525 44.475
10.55215 44.475
10.55215 44.52
NA NA
10.61515 44.52
10.67825 44.52
10.67825 44.475
10.61515 44.475
10.61515 44.52
NA NA
10.67825 44.52
10.74135 44.52
10.74135 44.475
10.67825 44.475
10.67825 44.52
NA NA
10.74125 44.52
10.80435 44.52
10.80435 44.475
10.74125 44.475
10.74125 44.52
NA NA
10.80435 44.52
10.86745 44.52
10.86745 44.475
10.80435 44.475
10.80435 44.52
NA NA
10.86735 44.52
10.93045 44.52
10.93045 44.475
10.86735 44.475
10.86735 44.52
NA NA
10.93045 44.52
10.99355 44.52
10.99355 44.475
10.93045 44.475
10.93045 44.52
NA NA
10.99345 44.52
11.05655 44.52
11.05655 44.475
10.99345 44.475
10.99345 44.52
NA NA
11.05655 44.52
11.11965 44.52
11.11965 44.475
11.05655 44.475
11.05655 44.52
NA NA
11.11955 44.52
11.18265 44.52
11.18265 44.475
11.11955 44.475
11.11955 44.52
NA NA
11.18265 44.52
11.24575 44.52
11.24575 44.475
11.18265 44.475
11.18265 44.52
NA NA
11.24565 44.52
11.30875 44.52
11.30875 44.475
11.24565 44.475
11.24565 44.52
NA NA
11.30875 44.52
11.37185 44.52
11.37185 44.475
11.30875 44.475
11.30875 44.52
NA NA
11.37175 44.52
11.43485 44.52
11.43485 44.475
11.37175 44.475
11.37175 44.52
NA NA
11.43485 44.52
11.49795 44.52
11.49795 44.475
11.43485 44.475
11.43485 44.52
NA NA
11.49785 44.52
11.56095 44.52
11.56095 44.475
11.49785 44.475
11.49785 44.52
NA NA
11.56095 44.52
11.62405 44.52
11.62405 44.475
11.56095 44.475
11.56095 44.52
NA NA
11.62395 44.52
11.68705 44.52
11.68705 44.475
11.62395 44.475
11.62395 44.52
NA NA
11.68705 44.52
11.75015 44.52
11.75015 44.475
11.68705 44.475
11.68705 44.52
NA NA
11.75005 44.52
11.81315 44.52
11.81315 44.475
11.75005 44.475
11.75005 44.52
NA NA
11.81315 44.52
11.87625 44.52
11.87625 44.475
11.81315 44.475
11.81315 44.52
NA NA
11.87615 44.52
11.93925 44.52
11.93925 44.475
11.87615 44.475
11.87615 44.52
NA NA
11.93925 44.52
12.00235 44.52
12.00235 44.475
11.93925 44.475
11.93925 44.52
NA NA
12.00225 44.52
12.06535 44.52
12.06535 44.475
12.00225 44.475
12.00225 44.52
NA NA
12.06535 44.52
12.12845 44.52
12.12845 44.475
12.06535 44.475
12.06535 44.52
NA NA
12.12835 44.52
12.19145 44.52
12.19145 44.475
12.12835 44.475
12.12835 44.52
NA NA
12.19145 44.52
12.25455 44.52
12.25455 44.475
12.19145 44.475
12.19145 44.52
NA NA
12.25445 44.52
12.31755 44.52
12.31755 44.475
12.25445 44.475
12.25445 44.52
NA NA
9.41722 44.565
9.48032 44.565
9.48032 44.52
9.41722 44.52
9.41722 44.565
NA NA
9.48027 44.565
9.54337 44.565
9.54337 44.52
9.48027 44.52
9.48027 44.565
NA NA
9.54332 44.565
9.60642 44.565
9.60642 44.52
9.54332 44.52
9.54332 44.565
NA NA
9.60637 44.565
9.66947 44.565
9.66947 44.52
9.60637 44.52
9.60637 44.565
NA NA
9.66942 44.565
9.73252 44.565
9.73252 44.52
9.66942 44.52
9.66942 44.565
NA NA
9.73247 44.565
9.79557 44.565
9.79557 44.52
9.73247 44.52
9.73247 44.565
NA NA
9.79552 44.565
9.85862 44.565
9.85862 44.52
9.79552 44.52
9.79552 44.565
NA NA
9.85857 44.565
9.92167 44.565
9.92167 44.52
9.85857 44.52
9.85857 44.565
NA NA
9.92162 44.565
9.98472 44.565
9.98472 44.52
9.92162 44.52
9.92162 44.565
NA NA
9.98465 44.565
10.04775 44.565
10.04775 44.52
9.98465 44.52
9.98465 44.565
NA NA
10.04775 44.565
10.11085 44.565
10.11085 44.52
10.04775 44.52
10.04775 44.565
NA NA
10.11075 44.565
10.17385 44.565
10.17385 44.52
10.11075 44.52
10.11075 44.565
NA NA
10.17385 44.565
10.23695 44.565
10.23695 44.52
10.17385 44.52
10.17385 44.565
NA NA
10.23685 44.565
10.29995 44.565
10.29995 44.52
10.23685 44.52
10.23685 44.565
NA NA
10.29995 44.565
10.36305 44.565
10.36305 44.52
10.29995 44.52
10.29995 44.565
NA NA
10.36295 44.565
10.42605 44.565
10.42605 44.52
10.36295 44.52
10.36295 44.565
NA NA
10.42605 44.565
10.48915 44.565
10.48915 44.52
10.42605 44.52
10.42605 44.565
NA NA
10.48905 44.565
10.55215 44.565
10.55215 44.52
10.48905 44.52
10.48905 44.565
NA NA
10.55215 44.565
10.61525 44.565
10.61525 44.52
10.55215 44.52
10.55215 44.565
NA NA
10.61515 44.565
10.67825 44.565
10.67825 44.52
10.61515 44.52
10.61515 44.565
NA NA
10.67825 44.565
10.74135 44.565
10.74135 44.52
10.67825 44.52
10.67825 44.565
NA NA
10.74125 44.565
10.80435 44.565
10.80435 44.52
10.74125 44.52
10.74125 44.565
NA NA
10.80435 44.565
10.86745 44.565
10.86745 44.52
10.80435 44.52
10.80435 44.565
NA NA
10.86735 44.565
10.93045 44.565
10.93045 44.52
10.86735 44.52
10.86735 44.565
NA NA
10.93045 44.565
10.99355 44.565
10.99355 44.52
10.93045 44.52
10.93045 44.565
NA NA
10.99345 44.565
11.05655 44.565
11.05655 44.52
10.99345 44.52
10.99345 44.565
NA NA
11.05655 44.565
11.11965 44.565
11.11965 44.52
11.05655 44.52
11.05655 44.565
NA NA
11.11955 44.565
11.18265 44.565
11.18265 44.52
11.11955 44.52
11.11955 44.565
NA NA
11.18265 44.565
11.24575 44.565
11.24575 44.52
11.18265 44.52
11.18265 44.565
NA NA
11.24565 44.565
11.30875 44.565
11.30875 44.52
11.24565 44.52
11.24565 44.565
NA NA
11.30875 44.565
11.37185 44.565
11.37185 44.52
11.30875 44.52
11.30875 44.565
NA NA
11.37175 44.565
11.43485 44.565
11.43485 44.52
11.37175 44.52
11.37175 44.565
NA NA
11.43485 44.565
11.49795 44.565
11.49795 44.52
11.43485 44.52
11.43485 44.565
NA NA
11.49785 44.565
11.56095 44.565
11.56095 44.52
11.49785 44.52
11.49785 44.565
NA NA
11.56095 44.565
11.62405 44.565
11.62405 44.52
11.56095 44.52
11.56095 44.565
NA NA
11.62395 44.565
11.68705 44.565
11.68705 44.52
11.62395 44.52
11.62395 44.565
NA NA
11.68705 44.565
11.75015 44.565
11.75015 44.52
11.68705 44.52
11.68705 44.565
NA NA
11.75005 44.565
11.81315 44.565
11.81315 44.52
11.75005 44.52
11.75005 44.565
NA NA
11.81315 44.565
11.87625 44.565
11.87625 44.52
11.81315 44.52
11.81315 44.565
NA NA
11.87615 44.565
11.93925 44.565
11.93925 44.52
11.87615 44.52
11.87615 44.565
NA NA
11.93925 44.565
12.00235 44.565
12.00235 44.52
11.93925 44.52
11.93925 44.565
NA NA
12.00225 44.565
12.06535 44.565
12.06535 44.52
12.00225 44.52
12.00225 44.565
NA NA
12.06535 44.565
12.12845 44.565
12.12845 44.52
12.06535 44.52
12.06535 44.565
NA NA
12.12835 44.565
12.19145 44.565
12.19145 44.52
12.12835 44.52
12.12835 44.565
NA NA
12.19145 44.565
12.25455 44.565
12.25455 44.52
12.19145 44.52
12.19145 44.565
NA NA
12.25445 44.565
12.31755 44.565
12.31755 44.52
12.25445 44.52
12.25445 44.565
NA NA
9.22807 44.61
9.29117 44.61
9.29117 44.565
9.22807 44.565
9.22807 44.61
NA NA
9.29112 44.61
9.35422 44.61
9.35422 44.565
9.29112 44.565
9.29112 44.61
NA NA
9.35417 44.61
9.41727 44.61
9.41727 44.565
9.35417 44.565
9.35417 44.61
NA NA
9.41722 44.61
9.48032 44.61
9.48032 44.565
9.41722 44.565
9.41722 44.61
NA NA
9.48027 44.61
9.54337 44.61
9.54337 44.565
9.48027 44.565
9.48027 44.61
NA NA
9.54332 44.61
9.60642 44.61
9.60642 44.565
9.54332 44.565
9.54332 44.61
NA NA
9.60637 44.61
9.66947 44.61
9.66947 44.565
9.60637 44.565
9.60637 44.61
NA NA
9.66942 44.61
9.73252 44.61
9.73252 44.565
9.66942 44.565
9.66942 44.61
NA NA
9.73247 44.61
9.79557 44.61
9.79557 44.565
9.73247 44.565
9.73247 44.61
NA NA
9.79552 44.61
9.85862 44.61
9.85862 44.565
9.79552 44.565
9.79552 44.61
NA NA
9.85857 44.61
9.92167 44.61
9.92167 44.565
9.85857 44.565
9.85857 44.61
NA NA
9.92162 44.61
9.98472 44.61
9.98472 44.565
9.92162 44.565
9.92162 44.61
NA NA
9.98465 44.61
10.04775 44.61
10.04775 44.565
9.98465 44.565
9.98465 44.61
NA NA
10.04775 44.61
10.11085 44.61
10.11085 44.565
10.04775 44.565
10.04775 44.61
NA NA
10.11075 44.61
10.17385 44.61
10.17385 44.565
10.11075 44.565
10.11075 44.61
NA NA
10.17385 44.61
10.23695 44.61
10.23695 44.565
10.17385 44.565
10.17385 44.61
NA NA
10.23685 44.61
10.29995 44.61
10.29995 44.565
10.23685 44.565
10.23685 44.61
NA NA
10.29995 44.61
10.36305 44.61
10.36305 44.565
10.29995 44.565
10.29995 44.61
NA NA
10.36295 44.61
10.42605 44.61
10.42605 44.565
10.36295 44.565
10.36295 44.61
NA NA
10.42605 44.61
10.48915 44.61
10.48915 44.565
10.42605 44.565
10.42605 44.61
NA NA
10.48905 44.61
10.55215 44.61
10.55215 44.565
10.48905 44.565
10.48905 44.61
NA NA
10.55215 44.61
10.61525 44.61
10.61525 44.565
10.55215 44.565
10.55215 44.61
NA NA
10.61515 44.61
10.67825 44.61
10.67825 44.565
10.61515 44.565
10.61515 44.61
NA NA
10.67825 44.61
10.74135 44.61
10.74135 44.565
10.67825 44.565
10.67825 44.61
NA NA
10.74125 44.61
10.80435 44.61
10.80435 44.565
10.74125 44.565
10.74125 44.61
NA NA
10.80435 44.61
10.86745 44.61
10.86745 44.565
10.80435 44.565
10.80435 44.61
NA NA
10.86735 44.61
10.93045 44.61
10.93045 44.565
10.86735 44.565
10.86735 44.61
NA NA
10.93045 44.61
10.99355 44.61
10.99355 44.565
10.93045 44.565
10.93045 44.61
NA NA
10.99345 44.61
11.05655 44.61
11.05655 44.565
10.99345 44.565
10.99345 44.61
NA NA
11.05655 44.61
11.11965 44.61
11.11965 44.565
11.05655 44.565
11.05655 44.61
NA NA
11.11955 44.61
11.18265 44.61
11.18265 44.565
11.11955 44.565
11.11955 44.61
NA NA
11.18265 44.61
11.24575 44.61
11.24575 44.565
11.18265 44.565
11.18265 44.61
NA NA
11.24565 44.61
11.30875 44.61
11.30875 44.565
11.24565 44.565
11.24565 44.61
NA NA
11.30875 44.61
11.37185 44.61
11.37185 44.565
11.30875 44.565
11.30875 44.61
NA NA
11.37175 44.61
11.43485 44.61
11.43485 44.565
11.37175 44.565
11.37175 44.61
NA NA
11.43485 44.61
11.49795 44.61
11.49795 44.565
11.43485 44.565
11.43485 44.61
NA NA
11.49785 44.61
11.56095 44.61
11.56095 44.565
11.49785 44.565
11.49785 44.61
NA NA
11.56095 44.61
11.62405 44.61
11.62405 44.565
11.56095 44.565
11.56095 44.61
NA NA
11.62395 44.61
11.68705 44.61
11.68705 44.565
11.62395 44.565
11.62395 44.61
NA NA
11.68705 44.61
11.75015 44.61
11.75015 44.565
11.68705 44.565
11.68705 44.61
NA NA
11.75005 44.61
11.81315 44.61
11.81315 44.565
11.75005 44.565
11.75005 44.61
NA NA
11.81315 44.61
11.87625 44.61
11.87625 44.565
11.81315 44.565
11.81315 44.61
NA NA
11.87615 44.61
11.93925 44.61
11.93925 44.565
11.87615 44.565
11.87615 44.61
NA NA
11.93925 44.61
12.00235 44.61
12.00235 44.565
11.93925 44.565
11.93925 44.61
NA NA
12.00225 44.61
12.06535 44.61
12.06535 44.565
12.00225 44.565
12.00225 44.61
NA NA
12.06535 44.61
12.12845 44.61
12.12845 44.565
12.06535 44.565
12.06535 44.61
NA NA
12.12835 44.61
12.19145 44.61
12.19145 44.565
12.12835 44.565
12.12835 44.61
NA NA
12.19145 44.61
12.25455 44.61
12.25455 44.565
12.19145 44.565
12.19145 44.61
NA NA
12.25445 44.61
12.31755 44.61
12.31755 44.565
12.25445 44.565
12.25445 44.61
NA NA
9.16502 44.655
9.22812 44.655
9.22812 44.61
9.16502 44.61
9.16502 44.655
NA NA
9.22807 44.655
9.29117 44.655
9.29117 44.61
9.22807 44.61
9.22807 44.655
NA NA
9.29112 44.655
9.35422 44.655
9.35422 44.61
9.29112 44.61
9.29112 44.655
NA NA
9.35417 44.655
9.41727 44.655
9.41727 44.61
9.35417 44.61
9.35417 44.655
NA NA
9.41722 44.655
9.48032 44.655
9.48032 44.61
9.41722 44.61
9.41722 44.655
NA NA
9.48027 44.655
9.54337 44.655
9.54337 44.61
9.48027 44.61
9.48027 44.655
NA NA
9.54332 44.655
9.60642 44.655
9.60642 44.61
9.54332 44.61
9.54332 44.655
NA NA
9.60637 44.655
9.66947 44.655
9.66947 44.61
9.60637 44.61
9.60637 44.655
NA NA
9.66942 44.655
9.73252 44.655
9.73252 44.61
9.66942 44.61
9.66942 44.655
NA NA
9.73247 44.655
9.79557 44.655
9.79557 44.61
9.73247 44.61
9.73247 44.655
NA NA
9.79552 44.655
9.85862 44.655
9.85862 44.61
9.79552 44.61
9.79552 44.655
NA NA
9.85857 44.655
9.92167 44.655
9.92167 44.61
9.85857 44.61
9.85857 44.655
NA NA
9.92162 44.655
9.98472 44.655
9.98472 44.61
9.92162 44.61
9.92162 44.655
NA NA
9.98465 44.655
10.04775 44.655
10.04775 44.61
9.98465 44.61
9.98465 44.655
NA NA
10.04775 44.655
10.11085 44.655
10.11085 44.61
10.04775 44.61
10.04775 44.655
NA NA
10.11075 44.655
10.17385 44.655
10.17385 44.61
10.11075 44.61
10.11075 44.655
NA NA
10.17385 44.655
10.23695 44.655
10.23695 44.61
10.17385 44.61
10.17385 44.655
NA NA
10.23685 44.655
10.29995 44.655
10.29995 44.61
10.23685 44.61
10.23685 44.655
NA NA
10.29995 44.655
10.36305 44.655
10.36305 44.61
10.29995 44.61
10.29995 44.655
NA NA
10.36295 44.655
10.42605 44.655
10.42605 44.61
10.36295 44.61
10.36295 44.655
NA NA
10.42605 44.655
10.48915 44.655
10.48915 44.61
10.42605 44.61
10.42605 44.655
NA NA
10.48905 44.655
10.55215 44.655
10.55215 44.61
10.48905 44.61
10.48905 44.655
NA NA
10.55215 44.655
10.61525 44.655
10.61525 44.61
10.55215 44.61
10.55215 44.655
NA NA
10.61515 44.655
10.67825 44.655
10.67825 44.61
10.61515 44.61
10.61515 44.655
NA NA
10.67825 44.655
10.74135 44.655
10.74135 44.61
10.67825 44.61
10.67825 44.655
NA NA
10.74125 44.655
10.80435 44.655
10.80435 44.61
10.74125 44.61
10.74125 44.655
NA NA
10.80435 44.655
10.86745 44.655
10.86745 44.61
10.80435 44.61
10.80435 44.655
NA NA
10.86735 44.655
10.93045 44.655
10.93045 44.61
10.86735 44.61
10.86735 44.655
NA NA
10.93045 44.655
10.99355 44.655
10.99355 44.61
10.93045 44.61
10.93045 44.655
NA NA
10.99345 44.655
11.05655 44.655
11.05655 44.61
10.99345 44.61
10.99345 44.655
NA NA
11.05655 44.655
11.11965 44.655
11.11965 44.61
11.05655 44.61
11.05655 44.655
NA NA
11.11955 44.655
11.18265 44.655
11.18265 44.61
11.11955 44.61
11.11955 44.655
NA NA
11.18265 44.655
11.24575 44.655
11.24575 44.61
11.18265 44.61
11.18265 44.655
NA NA
11.24565 44.655
11.30875 44.655
11.30875 44.61
11.24565 44.61
11.24565 44.655
NA NA
11.30875 44.655
11.37185 44.655
11.37185 44.61
11.30875 44.61
11.30875 44.655
NA NA
11.37175 44.655
11.43485 44.655
11.43485 44.61
11.37175 44.61
11.37175 44.655
NA NA
11.43485 44.655
11.49795 44.655
11.49795 44.61
11.43485 44.61
11.43485 44.655
NA NA
11.49785 44.655
11.56095 44.655
11.56095 44.61
11.49785 44.61
11.49785 44.655
NA NA
11.56095 44.655
11.62405 44.655
11.62405 44.61
11.56095 44.61
11.56095 44.655
NA NA
11.62395 44.655
11.68705 44.655
11.68705 44.61
11.62395 44.61
11.62395 44.655
NA NA
11.68705 44.655
11.75015 44.655
11.75015 44.61
11.68705 44.61
11.68705 44.655
NA NA
11.75005 44.655
11.81315 44.655
11.81315 44.61
11.75005 44.61
11.75005 44.655
NA NA
11.81315 44.655
11.87625 44.655
11.87625 44.61
11.81315 44.61
11.81315 44.655
NA NA
11.87615 44.655
11.93925 44.655
11.93925 44.61
11.87615 44.61
11.87615 44.655
NA NA
11.93925 44.655
12.00235 44.655
12.00235 44.61
11.93925 44.61
11.93925 44.655
NA NA
12.00225 44.655
12.06535 44.655
12.06535 44.61
12.00225 44.61
12.00225 44.655
NA NA
12.06535 44.655
12.12845 44.655
12.12845 44.61
12.06535 44.61
12.06535 44.655
NA NA
12.12835 44.655
12.19145 44.655
12.19145 44.61
12.12835 44.61
12.12835 44.655
NA NA
12.19145 44.655
12.25455 44.655
12.25455 44.61
12.19145 44.61
12.19145 44.655
NA NA
12.25445 44.655
12.31755 44.655
12.31755 44.61
12.25445 44.61
12.25445 44.655
NA NA
9.16502 44.7
9.22812 44.7
9.22812 44.655
9.16502 44.655
9.16502 44.7
NA NA
9.22807 44.7
9.29117 44.7
9.29117 44.655
9.22807 44.655
9.22807 44.7
NA NA
9.29112 44.7
9.35422 44.7
9.35422 44.655
9.29112 44.655
9.29112 44.7
NA NA
9.35417 44.7
9.41727 44.7
9.41727 44.655
9.35417 44.655
9.35417 44.7
NA NA
9.41722 44.7
9.48032 44.7
9.48032 44.655
9.41722 44.655
9.41722 44.7
NA NA
9.48027 44.7
9.54337 44.7
9.54337 44.655
9.48027 44.655
9.48027 44.7
NA NA
9.54332 44.7
9.60642 44.7
9.60642 44.655
9.54332 44.655
9.54332 44.7
NA NA
9.60637 44.7
9.66947 44.7
9.66947 44.655
9.60637 44.655
9.60637 44.7
NA NA
9.66942 44.7
9.73252 44.7
9.73252 44.655
9.66942 44.655
9.66942 44.7
NA NA
9.73247 44.7
9.79557 44.7
9.79557 44.655
9.73247 44.655
9.73247 44.7
NA NA
9.79552 44.7
9.85862 44.7
9.85862 44.655
9.79552 44.655
9.79552 44.7
NA NA
9.85857 44.7
9.92167 44.7
9.92167 44.655
9.85857 44.655
9.85857 44.7
NA NA
9.92162 44.7
9.98472 44.7
9.98472 44.655
9.92162 44.655
9.92162 44.7
NA NA
9.98465 44.7
10.04775 44.7
10.04775 44.655
9.98465 44.655
9.98465 44.7
NA NA
10.04775 44.7
10.11085 44.7
10.11085 44.655
10.04775 44.655
10.04775 44.7
NA NA
10.11075 44.7
10.17385 44.7
10.17385 44.655
10.11075 44.655
10.11075 44.7
NA NA
10.17385 44.7
10.23695 44.7
10.23695 44.655
10.17385 44.655
10.17385 44.7
NA NA
10.23685 44.7
10.29995 44.7
10.29995 44.655
10.23685 44.655
10.23685 44.7
NA NA
10.29995 44.7
10.36305 44.7
10.36305 44.655
10.29995 44.655
10.29995 44.7
NA NA
10.36295 44.7
10.42605 44.7
10.42605 44.655
10.36295 44.655
10.36295 44.7
NA NA
10.42605 44.7
10.48915 44.7
10.48915 44.655
10.42605 44.655
10.42605 44.7
NA NA
10.48905 44.7
10.55215 44.7
10.55215 44.655
10.48905 44.655
10.48905 44.7
NA NA
10.55215 44.7
10.61525 44.7
10.61525 44.655
10.55215 44.655
10.55215 44.7
NA NA
10.61515 44.7
10.67825 44.7
10.67825 44.655
10.61515 44.655
10.61515 44.7
NA NA
10.67825 44.7
10.74135 44.7
10.74135 44.655
10.67825 44.655
10.67825 44.7
NA NA
10.74125 44.7
10.80435 44.7
10.80435 44.655
10.74125 44.655
10.74125 44.7
NA NA
10.80435 44.7
10.86745 44.7
10.86745 44.655
10.80435 44.655
10.80435 44.7
NA NA
10.86735 44.7
10.93045 44.7
10.93045 44.655
10.86735 44.655
10.86735 44.7
NA NA
10.93045 44.7
10.99355 44.7
10.99355 44.655
10.93045 44.655
10.93045 44.7
NA NA
10.99345 44.7
11.05655 44.7
11.05655 44.655
10.99345 44.655
10.99345 44.7
NA NA
11.05655 44.7
11.11965 44.7
11.11965 44.655
11.05655 44.655
11.05655 44.7
NA NA
11.11955 44.7
11.18265 44.7
11.18265 44.655
11.11955 44.655
11.11955 44.7
NA NA
11.18265 44.7
11.24575 44.7
11.24575 44.655
11.18265 44.655
11.18265 44.7
NA NA
11.24565 44.7
11.30875 44.7
11.30875 44.655
11.24565 44.655
11.24565 44.7
NA NA
11.30875 44.7
11.37185 44.7
11.37185 44.655
11.30875 44.655
11.30875 44.7
NA NA
11.37175 44.7
11.43485 44.7
11.43485 44.655
11.37175 44.655
11.37175 44.7
NA NA
11.43485 44.7
11.49795 44.7
11.49795 44.655
11.43485 44.655
11.43485 44.7
NA NA
11.49785 44.7
11.56095 44.7
11.56095 44.655
11.49785 44.655
11.49785 44.7
NA NA
11.56095 44.7
11.62405 44.7
11.62405 44.655
11.56095 44.655
11.56095 44.7
NA NA
11.62395 44.7
11.68705 44.7
11.68705 44.655
11.62395 44.655
11.62395 44.7
NA NA
11.68705 44.7
11.75015 44.7
11.75015 44.655
11.68705 44.655
11.68705 44.7
NA NA
11.75005 44.7
11.81315 44.7
11.81315 44.655
11.75005 44.655
11.75005 44.7
NA NA
11.81315 44.7
11.87625 44.7
11.87625 44.655
11.81315 44.655
11.81315 44.7
NA NA
11.87615 44.7
11.93925 44.7
11.93925 44.655
11.87615 44.655
11.87615 44.7
NA NA
11.93925 44.7
12.00235 44.7
12.00235 44.655
11.93925 44.655
11.93925 44.7
NA NA
12.00225 44.7
12.06535 44.7
12.06535 44.655
12.00225 44.655
12.00225 44.7
NA NA
12.06535 44.7
12.12845 44.7
12.12845 44.655
12.06535 44.655
12.06535 44.7
NA NA
12.12835 44.7
12.19145 44.7
12.19145 44.655
12.12835 44.655
12.12835 44.7
NA NA
12.19145 44.7
12.25455 44.7
12.25455 44.655
12.19145 44.655
12.19145 44.7
NA NA
12.25445 44.7
12.31755 44.7
12.31755 44.655
12.25445 44.655
12.25445 44.7
NA NA
9.22807 44.745
9.29117 44.745
9.29117 44.7
9.22807 44.7
9.22807 44.745
NA NA
9.29112 44.745
9.35422 44.745
9.35422 44.7
9.29112 44.7
9.29112 44.745
NA NA
9.35417 44.745
9.41727 44.745
9.41727 44.7
9.35417 44.7
9.35417 44.745
NA NA
9.41722 44.745
9.48032 44.745
9.48032 44.7
9.41722 44.7
9.41722 44.745
NA NA
9.48027 44.745
9.54337 44.745
9.54337 44.7
9.48027 44.7
9.48027 44.745
NA NA
9.54332 44.745
9.60642 44.745
9.60642 44.7
9.54332 44.7
9.54332 44.745
NA NA
9.60637 44.745
9.66947 44.745
9.66947 44.7
9.60637 44.7
9.60637 44.745
NA NA
9.66942 44.745
9.73252 44.745
9.73252 44.7
9.66942 44.7
9.66942 44.745
NA NA
9.73247 44.745
9.79557 44.745
9.79557 44.7
9.73247 44.7
9.73247 44.745
NA NA
9.79552 44.745
9.85862 44.745
9.85862 44.7
9.79552 44.7
9.79552 44.745
NA NA
9.85857 44.745
9.92167 44.745
9.92167 44.7
9.85857 44.7
9.85857 44.745
NA NA
9.92162 44.745
9.98472 44.745
9.98472 44.7
9.92162 44.7
9.92162 44.745
NA NA
9.98465 44.745
10.04775 44.745
10.04775 44.7
9.98465 44.7
9.98465 44.745
NA NA
10.04775 44.745
10.11085 44.745
10.11085 44.7
10.04775 44.7
10.04775 44.745
NA NA
10.11075 44.745
10.17385 44.745
10.17385 44.7
10.11075 44.7
10.11075 44.745
NA NA
10.17385 44.745
10.23695 44.745
10.23695 44.7
10.17385 44.7
10.17385 44.745
NA NA
10.23685 44.745
10.29995 44.745
10.29995 44.7
10.23685 44.7
10.23685 44.745
NA NA
10.29995 44.745
10.36305 44.745
10.36305 44.7
10.29995 44.7
10.29995 44.745
NA NA
10.36295 44.745
10.42605 44.745
10.42605 44.7
10.36295 44.7
10.36295 44.745
NA NA
10.42605 44.745
10.48915 44.745
10.48915 44.7
10.42605 44.7
10.42605 44.745
NA NA
10.48905 44.745
10.55215 44.745
10.55215 44.7
10.48905 44.7
10.48905 44.745
NA NA
10.55215 44.745
10.61525 44.745
10.61525 44.7
10.55215 44.7
10.55215 44.745
NA NA
10.61515 44.745
10.67825 44.745
10.67825 44.7
10.61515 44.7
10.61515 44.745
NA NA
10.67825 44.745
10.74135 44.745
10.74135 44.7
10.67825 44.7
10.67825 44.745
NA NA
10.74125 44.745
10.80435 44.745
10.80435 44.7
10.74125 44.7
10.74125 44.745
NA NA
10.80435 44.745
10.86745 44.745
10.86745 44.7
10.80435 44.7
10.80435 44.745
NA NA
10.86735 44.745
10.93045 44.745
10.93045 44.7
10.86735 44.7
10.86735 44.745
NA NA
10.93045 44.745
10.99355 44.745
10.99355 44.7
10.93045 44.7
10.93045 44.745
NA NA
10.99345 44.745
11.05655 44.745
11.05655 44.7
10.99345 44.7
10.99345 44.745
NA NA
11.05655 44.745
11.11965 44.745
11.11965 44.7
11.05655 44.7
11.05655 44.745
NA NA
11.11955 44.745
11.18265 44.745
11.18265 44.7
11.11955 44.7
11.11955 44.745
NA NA
11.18265 44.745
11.24575 44.745
11.24575 44.7
11.18265 44.7
11.18265 44.745
NA NA
11.24565 44.745
11.30875 44.745
11.30875 44.7
11.24565 44.7
11.24565 44.745
NA NA
11.30875 44.745
11.37185 44.745
11.37185 44.7
11.30875 44.7
11.30875 44.745
NA NA
11.37175 44.745
11.43485 44.745
11.43485 44.7
11.37175 44.7
11.37175 44.745
NA NA
11.43485 44.745
11.49795 44.745
11.49795 44.7
11.43485 44.7
11.43485 44.745
NA NA
11.49785 44.745
11.56095 44.745
11.56095 44.7
11.49785 44.7
11.49785 44.745
NA NA
11.56095 44.745
11.62405 44.745
11.62405 44.7
11.56095 44.7
11.56095 44.745
NA NA
11.62395 44.745
11.68705 44.745
11.68705 44.7
11.62395 44.7
11.62395 44.745
NA NA
11.68705 44.745
11.75015 44.745
11.75015 44.7
11.68705 44.7
11.68705 44.745
NA NA
11.75005 44.745
11.81315 44.745
11.81315 44.7
11.75005 44.7
11.75005 44.745
NA NA
11.81315 44.745
11.87625 44.745
11.87625 44.7
11.81315 44.7
11.81315 44.745
NA NA
11.87615 44.745
11.93925 44.745
11.93925 44.7
11.87615 44.7
11.87615 44.745
NA NA
11.93925 44.745
12.00235 44.745
12.00235 44.7
11.93925 44.7
11.93925 44.745
NA NA
12.00225 44.745
12.06535 44.745
12.06535 44.7
12.00225 44.7
12.00225 44.745
NA NA
12.06535 44.745
12.12845 44.745
12.12845 44.7
12.06535 44.7
12.06535 44.745
NA NA
12.12835 44.745
12.19145 44.745
12.19145 44.7
12.12835 44.7
12.12835 44.745
NA NA
12.19145 44.745
12.25455 44.745
12.25455 44.7
12.19145 44.7
12.19145 44.745
NA NA
9.22807 44.79
9.29117 44.79
9.29117 44.745
9.22807 44.745
9.22807 44.79
NA NA
9.29112 44.79
9.35422 44.79
9.35422 44.745
9.29112 44.745
9.29112 44.79
NA NA
9.35417 44.79
9.41727 44.79
9.41727 44.745
9.35417 44.745
9.35417 44.79
NA NA
9.41722 44.79
9.48032 44.79
9.48032 44.745
9.41722 44.745
9.41722 44.79
NA NA
9.48027 44.79
9.54337 44.79
9.54337 44.745
9.48027 44.745
9.48027 44.79
NA NA
9.54332 44.79
9.60642 44.79
9.60642 44.745
9.54332 44.745
9.54332 44.79
NA NA
9.60637 44.79
9.66947 44.79
9.66947 44.745
9.60637 44.745
9.60637 44.79
NA NA
9.66942 44.79
9.73252 44.79
9.73252 44.745
9.66942 44.745
9.66942 44.79
NA NA
9.73247 44.79
9.79557 44.79
9.79557 44.745
9.73247 44.745
9.73247 44.79
NA NA
9.79552 44.79
9.85862 44.79
9.85862 44.745
9.79552 44.745
9.79552 44.79
NA NA
9.85857 44.79
9.92167 44.79
9.92167 44.745
9.85857 44.745
9.85857 44.79
NA NA
9.92162 44.79
9.98472 44.79
9.98472 44.745
9.92162 44.745
9.92162 44.79
NA NA
9.98465 44.79
10.04775 44.79
10.04775 44.745
9.98465 44.745
9.98465 44.79
NA NA
10.04775 44.79
10.11085 44.79
10.11085 44.745
10.04775 44.745
10.04775 44.79
NA NA
10.11075 44.79
10.17385 44.79
10.17385 44.745
10.11075 44.745
10.11075 44.79
NA NA
10.17385 44.79
10.23695 44.79
10.23695 44.745
10.17385 44.745
10.17385 44.79
NA NA
10.23685 44.79
10.29995 44.79
10.29995 44.745
10.23685 44.745
10.23685 44.79
NA NA
10.29995 44.79
10.36305 44.79
10.36305 44.745
10.29995 44.745
10.29995 44.79
NA NA
10.36295 44.79
10.42605 44.79
10.42605 44.745
10.36295 44.745
10.36295 44.79
NA NA
10.42605 44.79
10.48915 44.79
10.48915 44.745
10.42605 44.745
10.42605 44.79
NA NA
10.48905 44.79
10.55215 44.79
10.55215 44.745
10.48905 44.745
10.48905 44.79
NA NA
10.55215 44.79
10.61525 44.79
10.61525 44.745
10.55215 44.745
10.55215 44.79
NA NA
10.61515 44.79
10.67825 44.79
10.67825 44.745
10.61515 44.745
10.61515 44.79
NA NA
10.67825 44.79
10.74135 44.79
10.74135 44.745
10.67825 44.745
10.67825 44.79
NA NA
10.74125 44.79
10.80435 44.79
10.80435 44.745
10.74125 44.745
10.74125 44.79
NA NA
10.80435 44.79
10.86745 44.79
10.86745 44.745
10.80435 44.745
10.80435 44.79
NA NA
10.86735 44.79
10.93045 44.79
10.93045 44.745
10.86735 44.745
10.86735 44.79
NA NA
10.93045 44.79
10.99355 44.79
10.99355 44.745
10.93045 44.745
10.93045 44.79
NA NA
10.99345 44.79
11.05655 44.79
11.05655 44.745
10.99345 44.745
10.99345 44.79
NA NA
11.05655 44.79
11.11965 44.79
11.11965 44.745
11.05655 44.745
11.05655 44.79
NA NA
11.11955 44.79
11.18265 44.79
11.18265 44.745
11.11955 44.745
11.11955 44.79
NA NA
11.18265 44.79
11.24575 44.79
11.24575 44.745
11.18265 44.745
11.18265 44.79
NA NA
11.24565 44.79
11.30875 44.79
11.30875 44.745
11.24565 44.745
11.24565 44.79
NA NA
11.30875 44.79
11.37185 44.79
11.37185 44.745
11.30875 44.745
11.30875 44.79
NA NA
11.37175 44.79
11.43485 44.79
11.43485 44.745
11.37175 44.745
11.37175 44.79
NA NA
11.43485 44.79
11.49795 44.79
11.49795 44.745
11.43485 44.745
11.43485 44.79
NA NA
11.49785 44.79
11.56095 44.79
11.56095 44.745
11.49785 44.745
11.49785 44.79
NA NA
11.56095 44.79
11.62405 44.79
11.62405 44.745
11.56095 44.745
11.56095 44.79
NA NA
11.62395 44.79
11.68705 44.79
11.68705 44.745
11.62395 44.745
11.62395 44.79
NA NA
11.68705 44.79
11.75015 44.79
11.75015 44.745
11.68705 44.745
11.68705 44.79
NA NA
11.75005 44.79
11.81315 44.79
11.81315 44.745
11.75005 44.745
11.75005 44.79
NA NA
11.81315 44.79
11.87625 44.79
11.87625 44.745
11.81315 44.745
11.81315 44.79
NA NA
11.87615 44.79
11.93925 44.79
11.93925 44.745
11.87615 44.745
11.87615 44.79
NA NA
11.93925 44.79
12.00235 44.79
12.00235 44.745
11.93925 44.745
11.93925 44.79
NA NA
12.00225 44.79
12.06535 44.79
12.06535 44.745
12.00225 44.745
12.00225 44.79
NA NA
12.06535 44.79
12.12845 44.79
12.12845 44.745
12.06535 44.745
12.06535 44.79
NA NA
12.12835 44.79
12.19145 44.79
12.19145 44.745
12.12835 44.745
12.12835 44.79
NA NA
12.19145 44.79
12.25455 44.79
12.25455 44.745
12.19145 44.745
12.19145 44.79
NA NA
12.25445 44.79
12.31755 44.79
12.31755 44.745
12.25445 44.745
12.25445 44.79
NA NA
12.31755 44.79
12.38065 44.79
12.38065 44.745
12.31755 44.745
12.31755 44.79
NA NA
12.38055 44.79
12.44365 44.79
12.44365 44.745
12.38055 44.745
12.38055 44.79
NA NA
9.29112 44.835
9.35422 44.835
9.35422 44.79
9.29112 44.79
9.29112 44.835
NA NA
9.35417 44.835
9.41727 44.835
9.41727 44.79
9.35417 44.79
9.35417 44.835
NA NA
9.41722 44.835
9.48032 44.835
9.48032 44.79
9.41722 44.79
9.41722 44.835
NA NA
9.48027 44.835
9.54337 44.835
9.54337 44.79
9.48027 44.79
9.48027 44.835
NA NA
9.54332 44.835
9.60642 44.835
9.60642 44.79
9.54332 44.79
9.54332 44.835
NA NA
9.60637 44.835
9.66947 44.835
9.66947 44.79
9.60637 44.79
9.60637 44.835
NA NA
9.66942 44.835
9.73252 44.835
9.73252 44.79
9.66942 44.79
9.66942 44.835
NA NA
9.73247 44.835
9.79557 44.835
9.79557 44.79
9.73247 44.79
9.73247 44.835
NA NA
9.79552 44.835
9.85862 44.835
9.85862 44.79
9.79552 44.79
9.79552 44.835
NA NA
9.85857 44.835
9.92167 44.835
9.92167 44.79
9.85857 44.79
9.85857 44.835
NA NA
9.92162 44.835
9.98472 44.835
9.98472 44.79
9.92162 44.79
9.92162 44.835
NA NA
9.98465 44.835
10.04775 44.835
10.04775 44.79
9.98465 44.79
9.98465 44.835
NA NA
10.04775 44.835
10.11085 44.835
10.11085 44.79
10.04775 44.79
10.04775 44.835
NA NA
10.11075 44.835
10.17385 44.835
10.17385 44.79
10.11075 44.79
10.11075 44.835
NA NA
10.17385 44.835
10.23695 44.835
10.23695 44.79
10.17385 44.79
10.17385 44.835
NA NA
10.23685 44.835
10.29995 44.835
10.29995 44.79
10.23685 44.79
10.23685 44.835
NA NA
10.29995 44.835
10.36305 44.835
10.36305 44.79
10.29995 44.79
10.29995 44.835
NA NA
10.36295 44.835
10.42605 44.835
10.42605 44.79
10.36295 44.79
10.36295 44.835
NA NA
10.42605 44.835
10.48915 44.835
10.48915 44.79
10.42605 44.79
10.42605 44.835
NA NA
10.48905 44.835
10.55215 44.835
10.55215 44.79
10.48905 44.79
10.48905 44.835
NA NA
10.55215 44.835
10.61525 44.835
10.61525 44.79
10.55215 44.79
10.55215 44.835
NA NA
10.61515 44.835
10.67825 44.835
10.67825 44.79
10.61515 44.79
10.61515 44.835
NA NA
10.67825 44.835
10.74135 44.835
10.74135 44.79
10.67825 44.79
10.67825 44.835
NA NA
10.74125 44.835
10.80435 44.835
10.80435 44.79
10.74125 44.79
10.74125 44.835
NA NA
10.80435 44.835
10.86745 44.835
10.86745 44.79
10.80435 44.79
10.80435 44.835
NA NA
10.86735 44.835
10.93045 44.835
10.93045 44.79
10.86735 44.79
10.86735 44.835
NA NA
10.93045 44.835
10.99355 44.835
10.99355 44.79
10.93045 44.79
10.93045 44.835
NA NA
10.99345 44.835
11.05655 44.835
11.05655 44.79
10.99345 44.79
10.99345 44.835
NA NA
11.05655 44.835
11.11965 44.835
11.11965 44.79
11.05655 44.79
11.05655 44.835
NA NA
11.11955 44.835
11.18265 44.835
11.18265 44.79
11.11955 44.79
11.11955 44.835
NA NA
11.18265 44.835
11.24575 44.835
11.24575 44.79
11.18265 44.79
11.18265 44.835
NA NA
11.24565 44.835
11.30875 44.835
11.30875 44.79
11.24565 44.79
11.24565 44.835
NA NA
11.30875 44.835
11.37185 44.835
11.37185 44.79
11.30875 44.79
11.30875 44.835
NA NA
11.37175 44.835
11.43485 44.835
11.43485 44.79
11.37175 44.79
11.37175 44.835
NA NA
11.43485 44.835
11.49795 44.835
11.49795 44.79
11.43485 44.79
11.43485 44.835
NA NA
11.49785 44.835
11.56095 44.835
11.56095 44.79
11.49785 44.79
11.49785 44.835
NA NA
11.56095 44.835
11.62405 44.835
11.62405 44.79
11.56095 44.79
11.56095 44.835
NA NA
11.62395 44.835
11.68705 44.835
11.68705 44.79
11.62395 44.79
11.62395 44.835
NA NA
11.68705 44.835
11.75015 44.835
11.75015 44.79
11.68705 44.79
11.68705 44.835
NA NA
11.75005 44.835
11.81315 44.835
11.81315 44.79
11.75005 44.79
11.75005 44.835
NA NA
11.81315 44.835
11.87625 44.835
11.87625 44.79
11.81315 44.79
11.81315 44.835
NA NA
11.87615 44.835
11.93925 44.835
11.93925 44.79
11.87615 44.79
11.87615 44.835
NA NA
11.93925 44.835
12.00235 44.835
12.00235 44.79
11.93925 44.79
11.93925 44.835
NA NA
12.00225 44.835
12.06535 44.835
12.06535 44.79
12.00225 44.79
12.00225 44.835
NA NA
12.06535 44.835
12.12845 44.835
12.12845 44.79
12.06535 44.79
12.06535 44.835
NA NA
12.12835 44.835
12.19145 44.835
12.19145 44.79
12.12835 44.79
12.12835 44.835
NA NA
12.19145 44.835
12.25455 44.835
12.25455 44.79
12.19145 44.79
12.19145 44.835
NA NA
12.25445 44.835
12.31755 44.835
12.31755 44.79
12.25445 44.79
12.25445 44.835
NA NA
12.31755 44.835
12.38065 44.835
12.38065 44.79
12.31755 44.79
12.31755 44.835
NA NA
12.38055 44.835
12.44365 44.835
12.44365 44.79
12.38055 44.79
12.38055 44.835
NA NA
9.29112 44.88
9.35422 44.88
9.35422 44.835
9.29112 44.835
9.29112 44.88
NA NA
9.35417 44.88
9.41727 44.88
9.41727 44.835
9.35417 44.835
9.35417 44.88
NA NA
9.41722 44.88
9.48032 44.88
9.48032 44.835
9.41722 44.835
9.41722 44.88
NA NA
9.48027 44.88
9.54337 44.88
9.54337 44.835
9.48027 44.835
9.48027 44.88
NA NA
9.54332 44.88
9.60642 44.88
9.60642 44.835
9.54332 44.835
9.54332 44.88
NA NA
9.60637 44.88
9.66947 44.88
9.66947 44.835
9.60637 44.835
9.60637 44.88
NA NA
9.66942 44.88
9.73252 44.88
9.73252 44.835
9.66942 44.835
9.66942 44.88
NA NA
9.73247 44.88
9.79557 44.88
9.79557 44.835
9.73247 44.835
9.73247 44.88
NA NA
9.79552 44.88
9.85862 44.88
9.85862 44.835
9.79552 44.835
9.79552 44.88
NA NA
9.85857 44.88
9.92167 44.88
9.92167 44.835
9.85857 44.835
9.85857 44.88
NA NA
9.92162 44.88
9.98472 44.88
9.98472 44.835
9.92162 44.835
9.92162 44.88
NA NA
9.98465 44.88
10.04775 44.88
10.04775 44.835
9.98465 44.835
9.98465 44.88
NA NA
10.04775 44.88
10.11085 44.88
10.11085 44.835
10.04775 44.835
10.04775 44.88
NA NA
10.11075 44.88
10.17385 44.88
10.17385 44.835
10.11075 44.835
10.11075 44.88
NA NA
10.17385 44.88
10.23695 44.88
10.23695 44.835
10.17385 44.835
10.17385 44.88
NA NA
10.23685 44.88
10.29995 44.88
10.29995 44.835
10.23685 44.835
10.23685 44.88
NA NA
10.29995 44.88
10.36305 44.88
10.36305 44.835
10.29995 44.835
10.29995 44.88
NA NA
10.36295 44.88
10.42605 44.88
10.42605 44.835
10.36295 44.835
10.36295 44.88
NA NA
10.42605 44.88
10.48915 44.88
10.48915 44.835
10.42605 44.835
10.42605 44.88
NA NA
10.48905 44.88
10.55215 44.88
10.55215 44.835
10.48905 44.835
10.48905 44.88
NA NA
10.55215 44.88
10.61525 44.88
10.61525 44.835
10.55215 44.835
10.55215 44.88
NA NA
10.61515 44.88
10.67825 44.88
10.67825 44.835
10.61515 44.835
10.61515 44.88
NA NA
10.67825 44.88
10.74135 44.88
10.74135 44.835
10.67825 44.835
10.67825 44.88
NA NA
10.74125 44.88
10.80435 44.88
10.80435 44.835
10.74125 44.835
10.74125 44.88
NA NA
10.80435 44.88
10.86745 44.88
10.86745 44.835
10.80435 44.835
10.80435 44.88
NA NA
10.86735 44.88
10.93045 44.88
10.93045 44.835
10.86735 44.835
10.86735 44.88
NA NA
10.93045 44.88
10.99355 44.88
10.99355 44.835
10.93045 44.835
10.93045 44.88
NA NA
10.99345 44.88
11.05655 44.88
11.05655 44.835
10.99345 44.835
10.99345 44.88
NA NA
11.05655 44.88
11.11965 44.88
11.11965 44.835
11.05655 44.835
11.05655 44.88
NA NA
11.11955 44.88
11.18265 44.88
11.18265 44.835
11.11955 44.835
11.11955 44.88
NA NA
11.18265 44.88
11.24575 44.88
11.24575 44.835
11.18265 44.835
11.18265 44.88
NA NA
11.24565 44.88
11.30875 44.88
11.30875 44.835
11.24565 44.835
11.24565 44.88
NA NA
11.30875 44.88
11.37185 44.88
11.37185 44.835
11.30875 44.835
11.30875 44.88
NA NA
11.37175 44.88
11.43485 44.88
11.43485 44.835
11.37175 44.835
11.37175 44.88
NA NA
11.43485 44.88
11.49795 44.88
11.49795 44.835
11.43485 44.835
11.43485 44.88
NA NA
11.49785 44.88
11.56095 44.88
11.56095 44.835
11.49785 44.835
11.49785 44.88
NA NA
11.56095 44.88
11.62405 44.88
11.62405 44.835
11.56095 44.835
11.56095 44.88
NA NA
11.62395 44.88
11.68705 44.88
11.68705 44.835
11.62395 44.835
11.62395 44.88
NA NA
11.68705 44.88
11.75015 44.88
11.75015 44.835
11.68705 44.835
11.68705 44.88
NA NA
11.75005 44.88
11.81315 44.88
11.81315 44.835
11.75005 44.835
11.75005 44.88
NA NA
11.81315 44.88
11.87625 44.88
11.87625 44.835
11.81315 44.835
11.81315 44.88
NA NA
11.87615 44.88
11.93925 44.88
11.93925 44.835
11.87615 44.835
11.87615 44.88
NA NA
11.93925 44.88
12.00235 44.88
12.00235 44.835
11.93925 44.835
11.93925 44.88
NA NA
12.00225 44.88
12.06535 44.88
12.06535 44.835
12.00225 44.835
12.00225 44.88
NA NA
12.06535 44.88
12.12845 44.88
12.12845 44.835
12.06535 44.835
12.06535 44.88
NA NA
12.12835 44.88
12.19145 44.88
12.19145 44.835
12.12835 44.835
12.12835 44.88
NA NA
12.19145 44.88
12.25455 44.88
12.25455 44.835
12.19145 44.835
12.19145 44.88
NA NA
12.25445 44.88
12.31755 44.88
12.31755 44.835
12.25445 44.835
12.25445 44.88
NA NA
12.31755 44.88
12.38065 44.88
12.38065 44.835
12.31755 44.835
12.31755 44.88
NA NA
9.22807 44.925
9.29117 44.925
9.29117 44.88
9.22807 44.88
9.22807 44.925
NA NA
9.29112 44.925
9.35422 44.925
9.35422 44.88
9.29112 44.88
9.29112 44.925
NA NA
9.35417 44.925
9.41727 44.925
9.41727 44.88
9.35417 44.88
9.35417 44.925
NA NA
9.41722 44.925
9.48032 44.925
9.48032 44.88
9.41722 44.88
9.41722 44.925
NA NA
9.48027 44.925
9.54337 44.925
9.54337 44.88
9.48027 44.88
9.48027 44.925
NA NA
9.54332 44.925
9.60642 44.925
9.60642 44.88
9.54332 44.88
9.54332 44.925
NA NA
9.60637 44.925
9.66947 44.925
9.66947 44.88
9.60637 44.88
9.60637 44.925
NA NA
9.66942 44.925
9.73252 44.925
9.73252 44.88
9.66942 44.88
9.66942 44.925
NA NA
9.73247 44.925
9.79557 44.925
9.79557 44.88
9.73247 44.88
9.73247 44.925
NA NA
9.79552 44.925
9.85862 44.925
9.85862 44.88
9.79552 44.88
9.79552 44.925
NA NA
9.85857 44.925
9.92167 44.925
9.92167 44.88
9.85857 44.88
9.85857 44.925
NA NA
9.92162 44.925
9.98472 44.925
9.98472 44.88
9.92162 44.88
9.92162 44.925
NA NA
9.98465 44.925
10.04775 44.925
10.04775 44.88
9.98465 44.88
9.98465 44.925
NA NA
10.04775 44.925
10.11085 44.925
10.11085 44.88
10.04775 44.88
10.04775 44.925
NA NA
10.11075 44.925
10.17385 44.925
10.17385 44.88
10.11075 44.88
10.11075 44.925
NA NA
10.17385 44.925
10.23695 44.925
10.23695 44.88
10.17385 44.88
10.17385 44.925
NA NA
10.23685 44.925
10.29995 44.925
10.29995 44.88
10.23685 44.88
10.23685 44.925
NA NA
10.29995 44.925
10.36305 44.925
10.36305 44.88
10.29995 44.88
10.29995 44.925
NA NA
10.36295 44.925
10.42605 44.925
10.42605 44.88
10.36295 44.88
10.36295 44.925
NA NA
10.42605 44.925
10.48915 44.925
10.48915 44.88
10.42605 44.88
10.42605 44.925
NA NA
10.48905 44.925
10.55215 44.925
10.55215 44.88
10.48905 44.88
10.48905 44.925
NA NA
10.55215 44.925
10.61525 44.925
10.61525 44.88
10.55215 44.88
10.55215 44.925
NA NA
10.61515 44.925
10.67825 44.925
10.67825 44.88
10.61515 44.88
10.61515 44.925
NA NA
10.67825 44.925
10.74135 44.925
10.74135 44.88
10.67825 44.88
10.67825 44.925
NA NA
10.74125 44.925
10.80435 44.925
10.80435 44.88
10.74125 44.88
10.74125 44.925
NA NA
10.80435 44.925
10.86745 44.925
10.86745 44.88
10.80435 44.88
10.80435 44.925
NA NA
10.86735 44.925
10.93045 44.925
10.93045 44.88
10.86735 44.88
10.86735 44.925
NA NA
10.93045 44.925
10.99355 44.925
10.99355 44.88
10.93045 44.88
10.93045 44.925
NA NA
10.99345 44.925
11.05655 44.925
11.05655 44.88
10.99345 44.88
10.99345 44.925
NA NA
11.05655 44.925
11.11965 44.925
11.11965 44.88
11.05655 44.88
11.05655 44.925
NA NA
11.11955 44.925
11.18265 44.925
11.18265 44.88
11.11955 44.88
11.11955 44.925
NA NA
11.18265 44.925
11.24575 44.925
11.24575 44.88
11.18265 44.88
11.18265 44.925
NA NA
11.24565 44.925
11.30875 44.925
11.30875 44.88
11.24565 44.88
11.24565 44.925
NA NA
11.30875 44.925
11.37185 44.925
11.37185 44.88
11.30875 44.88
11.30875 44.925
NA NA
11.37175 44.925
11.43485 44.925
11.43485 44.88
11.37175 44.88
11.37175 44.925
NA NA
11.43485 44.925
11.49795 44.925
11.49795 44.88
11.43485 44.88
11.43485 44.925
NA NA
11.49785 44.925
11.56095 44.925
11.56095 44.88
11.49785 44.88
11.49785 44.925
NA NA
11.56095 44.925
11.62405 44.925
11.62405 44.88
11.56095 44.88
11.56095 44.925
NA NA
11.62395 44.925
11.68705 44.925
11.68705 44.88
11.62395 44.88
11.62395 44.925
NA NA
11.68705 44.925
11.75015 44.925
11.75015 44.88
11.68705 44.88
11.68705 44.925
NA NA
11.75005 44.925
11.81315 44.925
11.81315 44.88
11.75005 44.88
11.75005 44.925
NA NA
11.81315 44.925
11.87625 44.925
11.87625 44.88
11.81315 44.88
11.81315 44.925
NA NA
11.87615 44.925
11.93925 44.925
11.93925 44.88
11.87615 44.88
11.87615 44.925
NA NA
11.93925 44.925
12.00235 44.925
12.00235 44.88
11.93925 44.88
11.93925 44.925
NA NA
12.00225 44.925
12.06535 44.925
12.06535 44.88
12.00225 44.88
12.00225 44.925
NA NA
12.06535 44.925
12.12845 44.925
12.12845 44.88
12.06535 44.88
12.06535 44.925
NA NA
12.12835 44.925
12.19145 44.925
12.19145 44.88
12.12835 44.88
12.12835 44.925
NA NA
12.19145 44.925
12.25455 44.925
12.25455 44.88
12.19145 44.88
12.19145 44.925
NA NA
12.25445 44.925
12.31755 44.925
12.31755 44.88
12.25445 44.88
12.25445 44.925
NA NA
9.22807 44.97
9.29117 44.97
9.29117 44.925
9.22807 44.925
9.22807 44.97
NA NA
9.29112 44.97
9.35422 44.97
9.35422 44.925
9.29112 44.925
9.29112 44.97
NA NA
9.35417 44.97
9.41727 44.97
9.41727 44.925
9.35417 44.925
9.35417 44.97
NA NA
9.41722 44.97
9.48032 44.97
9.48032 44.925
9.41722 44.925
9.41722 44.97
NA NA
9.48027 44.97
9.54337 44.97
9.54337 44.925
9.48027 44.925
9.48027 44.97
NA NA
9.54332 44.97
9.60642 44.97
9.60642 44.925
9.54332 44.925
9.54332 44.97
NA NA
9.60637 44.97
9.66947 44.97
9.66947 44.925
9.60637 44.925
9.60637 44.97
NA NA
9.66942 44.97
9.73252 44.97
9.73252 44.925
9.66942 44.925
9.66942 44.97
NA NA
9.73247 44.97
9.79557 44.97
9.79557 44.925
9.73247 44.925
9.73247 44.97
NA NA
9.79552 44.97
9.85862 44.97
9.85862 44.925
9.79552 44.925
9.79552 44.97
NA NA
9.85857 44.97
9.92167 44.97
9.92167 44.925
9.85857 44.925
9.85857 44.97
NA NA
9.92162 44.97
9.98472 44.97
9.98472 44.925
9.92162 44.925
9.92162 44.97
NA NA
9.98465 44.97
10.04775 44.97
10.04775 44.925
9.98465 44.925
9.98465 44.97
NA NA
10.04775 44.97
10.11085 44.97
10.11085 44.925
10.04775 44.925
10.04775 44.97
NA NA
10.11075 44.97
10.17385 44.97
10.17385 44.925
10.11075 44.925
10.11075 44.97
NA NA
10.17385 44.97
10.23695 44.97
10.23695 44.925
10.17385 44.925
10.17385 44.97
NA NA
10.23685 44.97
10.29995 44.97
10.29995 44.925
10.23685 44.925
10.23685 44.97
NA NA
10.29995 44.97
10.36305 44.97
10.36305 44.925
10.29995 44.925
10.29995 44.97
NA NA
10.36295 44.97
10.42605 44.97
10.42605 44.925
10.36295 44.925
10.36295 44.97
NA NA
10.42605 44.97
10.48915 44.97
10.48915 44.925
10.42605 44.925
10.42605 44.97
NA NA
10.48905 44.97
10.55215 44.97
10.55215 44.925
10.48905 44.925
10.48905 44.97
NA NA
10.61515 44.97
10.67825 44.97
10.67825 44.925
10.61515 44.925
10.61515 44.97
NA NA
10.67825 44.97
10.74135 44.97
10.74135 44.925
10.67825 44.925
10.67825 44.97
NA NA
10.74125 44.97
10.80435 44.97
10.80435 44.925
10.74125 44.925
10.74125 44.97
NA NA
10.80435 44.97
10.86745 44.97
10.86745 44.925
10.80435 44.925
10.80435 44.97
NA NA
10.86735 44.97
10.93045 44.97
10.93045 44.925
10.86735 44.925
10.86735 44.97
NA NA
10.93045 44.97
10.99355 44.97
10.99355 44.925
10.93045 44.925
10.93045 44.97
NA NA
10.99345 44.97
11.05655 44.97
11.05655 44.925
10.99345 44.925
10.99345 44.97
NA NA
11.05655 44.97
11.11965 44.97
11.11965 44.925
11.05655 44.925
11.05655 44.97
NA NA
11.11955 44.97
11.18265 44.97
11.18265 44.925
11.11955 44.925
11.11955 44.97
NA NA
11.18265 44.97
11.24575 44.97
11.24575 44.925
11.18265 44.925
11.18265 44.97
NA NA
11.24565 44.97
11.30875 44.97
11.30875 44.925
11.24565 44.925
11.24565 44.97
NA NA
11.30875 44.97
11.37185 44.97
11.37185 44.925
11.30875 44.925
11.30875 44.97
NA NA
11.37175 44.97
11.43485 44.97
11.43485 44.925
11.37175 44.925
11.37175 44.97
NA NA
11.43485 44.97
11.49795 44.97
11.49795 44.925
11.43485 44.925
11.43485 44.97
NA NA
11.49785 44.97
11.56095 44.97
11.56095 44.925
11.49785 44.925
11.49785 44.97
NA NA
11.68705 44.97
11.75015 44.97
11.75015 44.925
11.68705 44.925
11.68705 44.97
NA NA
11.75005 44.97
11.81315 44.97
11.81315 44.925
11.75005 44.925
11.75005 44.97
NA NA
11.81315 44.97
11.87625 44.97
11.87625 44.925
11.81315 44.925
11.81315 44.97
NA NA
11.87615 44.97
11.93925 44.97
11.93925 44.925
11.87615 44.925
11.87615 44.97
NA NA
11.93925 44.97
12.00235 44.97
12.00235 44.925
11.93925 44.925
11.93925 44.97
NA NA
12.00225 44.97
12.06535 44.97
12.06535 44.925
12.00225 44.925
12.00225 44.97
NA NA
12.06535 44.97
12.12845 44.97
12.12845 44.925
12.06535 44.925
12.06535 44.97
NA NA
12.12835 44.97
12.19145 44.97
12.19145 44.925
12.12835 44.925
12.12835 44.97
NA NA
12.19145 44.97
12.25455 44.97
12.25455 44.925
12.19145 44.925
12.19145 44.97
NA NA
12.25445 44.97
12.31755 44.97
12.31755 44.925
12.25445 44.925
12.25445 44.97
NA NA
9.29112 45.015
9.35422 45.015
9.35422 44.97
9.29112 44.97
9.29112 45.015
NA NA
9.35417 45.015
9.41727 45.015
9.41727 44.97
9.35417 44.97
9.35417 45.015
NA NA
9.41722 45.015
9.48032 45.015
9.48032 44.97
9.41722 44.97
9.41722 45.015
NA NA
9.48027 45.015
9.54337 45.015
9.54337 44.97
9.48027 44.97
9.48027 45.015
NA NA
9.54332 45.015
9.60642 45.015
9.60642 44.97
9.54332 44.97
9.54332 45.015
NA NA
9.60637 45.015
9.66947 45.015
9.66947 44.97
9.60637 44.97
9.60637 45.015
NA NA
9.66942 45.015
9.73252 45.015
9.73252 44.97
9.66942 44.97
9.66942 45.015
NA NA
9.73247 45.015
9.79557 45.015
9.79557 44.97
9.73247 44.97
9.73247 45.015
NA NA
9.79552 45.015
9.85862 45.015
9.85862 44.97
9.79552 44.97
9.79552 45.015
NA NA
9.85857 45.015
9.92167 45.015
9.92167 44.97
9.85857 44.97
9.85857 45.015
NA NA
9.92162 45.015
9.98472 45.015
9.98472 44.97
9.92162 44.97
9.92162 45.015
NA NA
9.98465 45.015
10.04775 45.015
10.04775 44.97
9.98465 44.97
9.98465 45.015
NA NA
10.04775 45.015
10.11085 45.015
10.11085 44.97
10.04775 44.97
10.04775 45.015
NA NA
10.11075 45.015
10.17385 45.015
10.17385 44.97
10.11075 44.97
10.11075 45.015
NA NA
10.17385 45.015
10.23695 45.015
10.23695 44.97
10.17385 44.97
10.17385 45.015
NA NA
10.23685 45.015
10.29995 45.015
10.29995 44.97
10.23685 44.97
10.23685 45.015
NA NA
10.29995 45.015
10.36305 45.015
10.36305 44.97
10.29995 44.97
10.29995 45.015
NA NA
10.36295 45.015
10.42605 45.015
10.42605 44.97
10.36295 44.97
10.36295 45.015
NA NA
10.61515 45.015
10.67825 45.015
10.67825 44.97
10.61515 44.97
10.61515 45.015
NA NA
10.67825 45.015
10.74135 45.015
10.74135 44.97
10.67825 44.97
10.67825 45.015
NA NA
10.74125 45.015
10.80435 45.015
10.80435 44.97
10.74125 44.97
10.74125 45.015
NA NA
11.75005 45.015
11.81315 45.015
11.81315 44.97
11.75005 44.97
11.75005 45.015
NA NA
11.81315 45.015
11.87625 45.015
11.87625 44.97
11.81315 44.97
11.81315 45.015
NA NA
11.87615 45.015
11.93925 45.015
11.93925 44.97
11.87615 44.97
11.87615 45.015
NA NA
11.93925 45.015
12.00235 45.015
12.00235 44.97
11.93925 44.97
11.93925 45.015
NA NA
12.00225 45.015
12.06535 45.015
12.06535 44.97
12.00225 44.97
12.00225 45.015
NA NA
12.06535 45.015
12.12845 45.015
12.12845 44.97
12.06535 44.97
12.06535 45.015
NA NA
9.35417 45.06
9.41727 45.06
9.41727 45.015
9.35417 45.015
9.35417 45.06
NA NA
9.41722 45.06
9.48032 45.06
9.48032 45.015
9.41722 45.015
9.41722 45.06
NA NA
9.48027 45.06
9.54337 45.06
9.54337 45.015
9.48027 45.015
9.48027 45.06
NA NA
9.54332 45.06
9.60642 45.06
9.60642 45.015
9.54332 45.015
9.54332 45.06
NA NA
9.60637 45.06
9.66947 45.06
9.66947 45.015
9.60637 45.015
9.60637 45.06
NA NA
9.66942 45.06
9.73252 45.06
9.73252 45.015
9.66942 45.015
9.66942 45.06
NA NA
9.73247 45.06
9.79557 45.06
9.79557 45.015
9.73247 45.015
9.73247 45.06
NA NA
9.79552 45.06
9.85862 45.06
9.85862 45.015
9.79552 45.015
9.79552 45.06
NA NA
9.85857 45.06
9.92167 45.06
9.92167 45.015
9.85857 45.015
9.85857 45.06
NA NA
9.92162 45.06
9.98472 45.06
9.98472 45.015
9.92162 45.015
9.92162 45.06
NA NA
9.98465 45.06
10.04775 45.06
10.04775 45.015
9.98465 45.015
9.98465 45.06
NA NA
10.04775 45.06
10.11085 45.06
10.11085 45.015
10.04775 45.015
10.04775 45.06
NA NA
10.11075 45.06
10.17385 45.06
10.17385 45.015
10.11075 45.015
10.11075 45.06
NA NA
10.17385 45.06
10.23695 45.06
10.23695 45.015
10.17385 45.015
10.17385 45.06
NA NA
10.23685 45.06
10.29995 45.06
10.29995 45.015
10.23685 45.015
10.23685 45.06
NA NA
9.35417 45.105
9.41727 45.105
9.41727 45.06
9.35417 45.06
9.35417 45.105
NA NA
9.41722 45.105
9.48032 45.105
9.48032 45.06
9.41722 45.06
9.41722 45.105
NA NA
9.48027 45.105
9.54337 45.105
9.54337 45.06
9.48027 45.06
9.48027 45.105
NA NA
9.54332 45.105
9.60642 45.105
9.60642 45.06
9.54332 45.06
9.54332 45.105
NA NA
9.60637 45.105
9.66947 45.105
9.66947 45.06
9.60637 45.06
9.60637 45.105
NA NA
9.66942 45.105
9.73252 45.105
9.73252 45.06
9.66942 45.06
9.66942 45.105
NA NA
9.73247 45.105
9.79557 45.105
9.79557 45.06
9.73247 45.06
9.73247 45.105
NA NA
9.79552 45.105
9.85862 45.105
9.85862 45.06
9.79552 45.06
9.79552 45.105
NA NA
9.85857 45.105
9.92167 45.105
9.92167 45.06
9.85857 45.06
9.85857 45.105
NA NA
9.92162 45.105
9.98472 45.105
9.98472 45.06
9.92162 45.06
9.92162 45.105
NA NA
9.98465 45.105
10.04775 45.105
10.04775 45.06
9.98465 45.06
9.98465 45.105
NA NA
10.04775 45.105
10.11085 45.105
10.11085 45.06
10.04775 45.06
10.04775 45.105
NA NA
9.48027 45.15
9.54337 45.15
9.54337 45.105
9.48027 45.105
9.48027 45.15
NA NA
9.54332 45.15
9.60642 45.15
9.60642 45.105
9.54332 45.105
9.54332 45.15
NA NA
9.60637 45.15
9.66947 45.15
9.66947 45.105
9.60637 45.105
9.60637 45.15
NA NA
9.73247 45.15
9.79557 45.15
9.79557 45.105
9.73247 45.105
9.73247 45.15
NA NA
9.85857 45.15
9.92167 45.15
9.92167 45.105
9.85857 45.105
9.85857 45.15
NA NA
9.92162 45.15
9.98472 45.15
9.98472 45.105
9.92162 45.105
9.92162 45.15
NA NA
9.98465 45.15
10.04775 45.15
10.04775 45.105
9.98465 45.105
9.98465 45.15
NA NA
